5.9596040257	2.7707917110	0.0000000000	-0.0000000000	0.0000000000	0.0830723769	-0.9965435165	0.0000000000	
5.9600021500	2.7707248799	0.0000000000	-0.0000000000	0.0000000000	0.0830320802	-0.9965468748	0.0000000000	
5.9601973421	2.7706921308	0.0000000000	-0.0000000000	0.0000000000	0.0830134817	-0.9965484242	0.0000000000	
5.9603894362	2.7706599028	0.0000000000	-0.0000000000	0.0000000000	0.0830258807	-0.9965473913	0.0000000000	
5.9605799792	2.7706279236	0.0000000000	-0.0000000000	0.0000000000	0.0830661774	-0.9965440332	0.0000000000	
5.9609672532	2.7705628742	0.0000000000	-0.0000000000	0.0000000000	0.0831405709	-0.9965378294	0.0000000000	
5.9613436811	2.7704996317	0.0000000000	-0.0000000000	0.0000000000	0.0831126734	-0.9965401565	0.0000000000	
5.9615326708	2.7704678881	0.0000000000	-0.0000000000	0.0000000000	0.0831064739	-0.9965406735	0.0000000000	
5.9619090980	2.7704046410	0.0000000000	-0.0000000000	0.0000000000	0.0831777674	-0.9965347254	0.0000000000	
5.9622917117	2.7703402950	0.0000000000	-0.0000000000	0.0000000000	0.0832304624	-0.9965303257	0.0000000000	
5.9624822435	2.7703082489	0.0000000000	-0.0000000000	0.0000000000	0.0832087645	-0.9965321377	0.0000000000	
5.9628896456	2.7702397571	0.0000000000	-0.0000000000	0.0000000000	0.0831746677	-0.9965349842	0.0000000000	
5.9632939476	2.7701717734	0.0000000000	-0.0000000000	0.0000000000	0.0832335621	-0.9965300669	0.0000000000	
5.9634953210	2.7701378938	0.0000000000	-0.0000000000	0.0000000000	0.0832521602	-0.9965285133	0.0000000000	
5.9638980697	2.7700701460	0.0000000000	-0.0000000000	0.0000000000	0.0831963657	-0.9965331729	0.0000000000	
5.9643039225	2.7700019123	0.0000000000	-0.0000000000	0.0000000000	0.0831963657	-0.9965331729	0.0000000000	
5.9644991016	2.7699690860	0.0000000000	-0.0000000000	0.0000000000	0.0832335621	-0.9965300669	0.0000000000	
5.9648770624	2.7699054870	0.0000000000	-0.0000000000	0.0000000000	0.0832645590	-0.9965274774	0.0000000000	
5.9652596728	2.7698411210	0.0000000000	-0.0000000000	0.0000000000	0.0831994654	-0.9965329141	0.0000000000	
5.9654564029	2.7698080456	0.0000000000	-0.0000000000	0.0000000000	0.0831777674	-0.9965347254	0.0000000000	
5.9658390194	2.7697437164	0.0000000000	-0.0000000000	0.0000000000	0.0831994654	-0.9965329141	0.0000000000	
5.9662355770	2.7696770404	0.0000000000	-0.0000000000	0.0000000000	0.0831684683	-0.9965355016	0.0000000000	
5.9664354084	2.7696434633	0.0000000000	-0.0000000000	0.0000000000	0.0831095736	-0.9965404150	0.0000000000	
5.9668304329	2.7695771429	0.0000000000	-0.0000000000	0.0000000000	0.0830630776	-0.9965442916	0.0000000000	
5.9672146133	2.7695126414	0.0000000000	-0.0000000000	0.0000000000	0.0830816761	-0.9965427412	0.0000000000	
5.9674082523	2.7694801284	0.0000000000	-0.0000000000	0.0000000000	0.0830785763	-0.9965429997	0.0000000000	
5.9678110231	2.7694125119	0.0000000000	-0.0000000000	0.0000000000	0.0830475789	-0.9965455833	0.0000000000	
5.9682091504	2.7693456983	0.0000000000	-0.0000000000	0.0000000000	0.0830506787	-0.9965453250	0.0000000000	
5.9684012409	2.7693134493	0.0000000000	-0.0000000000	0.0000000000	0.0830940750	-0.9965417075	0.0000000000	
5.9687869633	2.7692486454	0.0000000000	-0.0000000000	0.0000000000	0.0831529697	-0.9965367949	0.0000000000	
5.9691742340	2.7691835767	0.0000000000	-0.0000000000	0.0000000000	0.0831219725	-0.9965393809	0.0000000000	
5.9693632230	2.7691518278	0.0000000000	-0.0000000000	0.0000000000	0.0831281720	-0.9965388638	0.0000000000	
5.9697411953	2.7690882978	0.0000000000	-0.0000000000	0.0000000000	0.0832087645	-0.9965321377	0.0000000000	
5.9701191593	2.7690247178	0.0000000000	-0.0000000000	0.0000000000	0.0832397614	-0.9965295490	0.0000000000	
5.9703158867	2.7689916264	0.0000000000	-0.0000000000	0.0000000000	0.0832180636	-0.9965313612	0.0000000000	
5.9707263851	2.7689226022	0.0000000000	-0.0000000000	0.0000000000	0.0831963657	-0.9965331729	0.0000000000	
5.9711337814	2.7688540753	0.0000000000	-0.0000000000	0.0000000000	0.0832614593	-0.9965277364	0.0000000000	
5.9713320551	2.7688207071	0.0000000000	-0.0000000000	0.0000000000	0.0832738580	-0.9965267004	0.0000000000	
5.9717378999	2.7687524262	0.0000000000	-0.0000000000	0.0000000000	0.0832180636	-0.9965313612	0.0000000000	
5.9721421994	2.7686844282	0.0000000000	-0.0000000000	0.0000000000	0.0832397614	-0.9965295490	0.0000000000	
5.9723342779	2.7686521080	0.0000000000	-0.0000000000	0.0000000000	0.0832707583	-0.9965269594	0.0000000000	
5.9727091369	2.7685890079	0.0000000000	-0.0000000000	0.0000000000	0.0832893564	-0.9965254051	0.0000000000	
5.9730839992	2.7685259276	0.0000000000	-0.0000000000	0.0000000000	0.0832335621	-0.9965300669	0.0000000000	
5.9732745306	2.7684938790	0.0000000000	-0.0000000000	0.0000000000	0.0832242630	-0.9965308435	0.0000000000	
5.9738538641	2.7683963962	0.0000000000	-0.0000000000	0.0000000000	0.0832738580	-0.9965267004	0.0000000000	
5.9740490402	2.7683635518	0.0000000000	-0.0000000000	0.0000000000	0.0832490605	-0.9965287722	0.0000000000	
5.9742473167	2.7683302002	0.0000000000	-0.0000000000	0.0000000000	0.0832056648	-0.9965323965	0.0000000000	
5.9746392275	2.7682643078	0.0000000000	-0.0000000000	0.0000000000	0.0831963657	-0.9965331729	0.0000000000	
5.9750342310	2.7681978625	0.0000000000	-0.0000000000	0.0000000000	0.0832614593	-0.9965277364	0.0000000000	
5.9752309559	2.7681647564	0.0000000000	-0.0000000000	0.0000000000	0.0832645590	-0.9965274774	0.0000000000	
5.9756244090	2.7680985636	0.0000000000	-0.0000000000	0.0000000000	0.0832149639	-0.9965316201	0.0000000000	
5.9760240605	2.7680313418	0.0000000000	-0.0000000000	0.0000000000	0.0832521602	-0.9965285133	0.0000000000	
5.9762223339	2.7679979718	0.0000000000	-0.0000000000	0.0000000000	0.0832955558	-0.9965248870	0.0000000000	
5.9766049343	2.7679335462	0.0000000000	-0.0000000000	0.0000000000	0.0833172535	-0.9965230731	0.0000000000	
5.9769952818	2.7678678300	0.0000000000	-0.0000000000	0.0000000000	0.0832862568	-0.9965256642	0.0000000000	
5.9771920048	2.7678347124	0.0000000000	-0.0000000000	0.0000000000	0.0833079545	-0.9965238506	0.0000000000	
5.9775730521	2.7677705237	0.0000000000	-0.0000000000	0.0000000000	0.0833885458	-0.9965171100	0.0000000000	
5.9779509941	2.7677068126	0.0000000000	-0.0000000000	0.0000000000	0.0834071437	-0.9965155535	0.0000000000	
5.9781508079	2.7676731312	0.0000000000	-0.0000000000	0.0000000000	0.0833916454	-0.9965168506	0.0000000000	
5.9785721229	2.7676021247	0.0000000000	-0.0000000000	0.0000000000	0.0833916454	-0.9965168506	0.0000000000	
5.9789856878	2.7675323925	0.0000000000	-0.0000000000	0.0000000000	0.0834443394	-0.9965124396	0.0000000000	
5.9791854992	2.7674986961	0.0000000000	-0.0000000000	0.0000000000	0.0834288412	-0.9965137372	0.0000000000	
5.9793899588	2.7674642247	0.0000000000	-0.0000000000	0.0000000000	0.0834040440	-0.9965158129	0.0000000000	
5.9796037135	2.7674281957	0.0000000000	-0.0000000000	0.0000000000	0.0833854461	-0.9965173693	0.0000000000	
5.9800172825	2.7673584873	0.0000000000	-0.0000000000	0.0000000000	0.0834133430	-0.9965150346	0.0000000000	
5.9802078011	2.7673263629	0.0000000000	-0.0000000000	0.0000000000	0.0834350405	-0.9965132182	0.0000000000	
5.9803905743	2.7672955402	0.0000000000	-0.0000000000	0.0000000000	0.0834350405	-0.9965132182	0.0000000000	
5.9809559378	2.7672002321	0.0000000000	-0.0000000000	0.0000000000	0.0833823465	-0.9965176287	0.0000000000	
5.9811573018	2.7671662967	0.0000000000	-0.0000000000	0.0000000000	0.0833823465	-0.9965176287	0.0000000000	
5.9813540183	2.7671331406	0.0000000000	-0.0000000000	0.0000000000	0.0834040440	-0.9965158129	0.0000000000	
5.9815429891	2.7671012842	0.0000000000	-0.0000000000	0.0000000000	0.0834102433	-0.9965152941	0.0000000000	
5.9819209329	2.7670375840	0.0000000000	-0.0000000000	0.0000000000	0.0833606489	-0.9965194440	0.0000000000	
5.9823360594	2.7669676657	0.0000000000	-0.0000000000	0.0000000000	0.0833172535	-0.9965230731	0.0000000000	
5.9825467217	2.7669321910	0.0000000000	-0.0000000000	0.0000000000	0.0833234529	-0.9965225548	0.0000000000	
5.9829339661	2.7668669658	0.0000000000	-0.0000000000	0.0000000000	0.0833420509	-0.9965209996	0.0000000000	
5.9833305072	2.7668001916	0.0000000000	-0.0000000000	0.0000000000	0.0832862568	-0.9965256642	0.0000000000	
5.9835334274	2.7667660379	0.0000000000	-0.0000000000	0.0000000000	0.0832707583	-0.9965269594	0.0000000000	
5.9839423643	2.7666972010	0.0000000000	-0.0000000000	0.0000000000	0.0833141538	-0.9965233323	0.0000000000	
5.9841344384	2.7666648540	0.0000000000	-0.0000000000	0.0000000000	0.0833327519	-0.9965217772	0.0000000000	
5.9843203163	2.7666335492	0.0000000000	-0.0000000000	0.0000000000	0.0833203532	-0.9965228140	0.0000000000	
5.9847091147	2.7665680931	0.0000000000	-0.0000000000	0.0000000000	0.0832800574	-0.9965261823	0.0000000000	
5.9849089367	2.7665344601	0.0000000000	-0.0000000000	0.0000000000	0.0832831571	-0.9965259233	0.0000000000	
5.9851087574	2.7665008191	0.0000000000	-0.0000000000	0.0000000000	0.0833172535	-0.9965230731	0.0000000000	
5.9854944524	2.7664358518	0.0000000000	-0.0000000000	0.0000000000	0.0833575492	-0.9965197033	0.0000000000	
5.9858816959	2.7663706212	0.0000000000	-0.0000000000	0.0000000000	0.0833265525	-0.9965222956	0.0000000000	
5.9860908090	2.7663354063	0.0000000000	-0.0000000000	0.0000000000	0.0833172535	-0.9965230731	0.0000000000	
5.9863030200	2.7662996691	0.0000000000	-0.0000000000	0.0000000000	0.0833327519	-0.9965217772	0.0000000000	
5.9865105823	2.7662647045	0.0000000000	-0.0000000000	0.0000000000	0.0833637485	-0.9965191847	0.0000000000	
5.9869086650	2.7661976259	0.0000000000	-0.0000000000	0.0000000000	0.0833606489	-0.9965194440	0.0000000000	
5.9873129481	2.7661295304	0.0000000000	-0.0000000000	0.0000000000	0.0833203532	-0.9965228140	0.0000000000	
5.9875205119	2.7660945741	0.0000000000	-0.0000000000	0.0000000000	0.0833327519	-0.9965217772	0.0000000000	
5.9879123995	2.7660285438	0.0000000000	-0.0000000000	0.0000000000	0.0833978447	-0.9965163318	0.0000000000	
5.9882702050	2.7659682264	0.0000000000	-0.0000000000	0.0000000000	0.0834009444	-0.9965160724	0.0000000000	
5.9884529809	2.7659374195	0.0000000000	-0.0000000000	0.0000000000	0.0833885458	-0.9965171100	0.0000000000	
5.9888402193	2.7658721586	0.0000000000	-0.0000000000	0.0000000000	0.0833947451	-0.9965165912	0.0000000000	
5.9890307390	2.7658400408	0.0000000000	-0.0000000000	0.0000000000	0.0834226419	-0.9965142562	0.0000000000	
5.9892166103	2.7658086968	0.0000000000	-0.0000000000	0.0000000000	0.0834412398	-0.9965126991	0.0000000000	
5.9893962854	2.7657783948	0.0000000000	-0.0000000000	0.0000000000	0.0834350405	-0.9965132182	0.0000000000	
5.9897835211	2.7657131180	0.0000000000	-0.0000000000	0.0000000000	0.0833730475	-0.9965184067	0.0000000000	
5.9901939970	2.7656439603	0.0000000000	-0.0000000000	0.0000000000	0.0833699478	-0.9965186661	0.0000000000	
5.9903891652	2.7656110691	0.0000000000	-0.0000000000	0.0000000000	0.0833947451	-0.9965165912	0.0000000000	
5.9907640088	2.7655478774	0.0000000000	-0.0000000000	0.0000000000	0.0834071437	-0.9965155535	0.0000000000	
5.9909545290	2.7655157626	0.0000000000	-0.0000000000	0.0000000000	0.0833916454	-0.9965168506	0.0000000000	
5.9911558928	2.7654818260	0.0000000000	-0.0000000000	0.0000000000	0.0833792468	-0.9965178880	0.0000000000	
5.9913619038	2.7654471085	0.0000000000	-0.0000000000	0.0000000000	0.0833823465	-0.9965176287	0.0000000000	
5.9917568830	2.7653805187	0.0000000000	-0.0000000000	0.0000000000	0.0834474391	-0.9965121800	0.0000000000	
5.9921208779	2.7653191189	0.0000000000	-0.0000000000	0.0000000000	0.0834567380	-0.9965114013	0.0000000000	
5.9923129439	2.7652867241	0.0000000000	-0.0000000000	0.0000000000	0.0834443394	-0.9965124396	0.0000000000	
5.9927110163	2.7652195848	0.0000000000	-0.0000000000	0.0000000000	0.0834598376	-0.9965111417	0.0000000000	
5.9929015315	2.7651874403	0.0000000000	-0.0000000000	0.0000000000	0.0834939336	-0.9965082855	0.0000000000	
5.9932686160	2.7651254689	0.0000000000	-0.0000000000	0.0000000000	0.0835404279	-0.9965043888	0.0000000000	
5.9934544805	2.7650940850	0.0000000000	-0.0000000000	0.0000000000	0.0835404279	-0.9965043888	0.0000000000	
5.9936527360	2.7650606088	0.0000000000	-0.0000000000	0.0000000000	0.0835404279	-0.9965043888	0.0000000000	
5.9938680294	2.7650242574	0.0000000000	-0.0000000000	0.0000000000	0.0835373283	-0.9965046487	0.0000000000	
5.9942970664	2.7649518108	0.0000000000	-0.0000000000	0.0000000000	0.0835528263	-0.9965033493	0.0000000000	
5.9946780868	2.7648874626	0.0000000000	-0.0000000000	0.0000000000	0.0835528263	-0.9965033493	0.0000000000	
5.9948825373	2.7648529377	0.0000000000	-0.0000000000	0.0000000000	0.0835404279	-0.9965043888	0.0000000000	
5.9953131254	2.7647802431	0.0000000000	-0.0000000000	0.0000000000	0.0835218302	-0.9965059477	0.0000000000	
5.9955144799	2.7647462509	0.0000000000	-0.0000000000	0.0000000000	0.0835280294	-0.9965054281	0.0000000000	
5.9958846617	2.7646837541	0.0000000000	-0.0000000000	0.0000000000	0.0835187306	-0.9965062075	0.0000000000	
5.9960627834	2.7646536870	0.0000000000	-0.0000000000	0.0000000000	0.0835094317	-0.9965069868	0.0000000000	
5.9964577523	2.7645870360	0.0000000000	-0.0000000000	0.0000000000	0.0834753358	-0.9965098436	0.0000000000	
5.9966622078	2.7645525404	0.0000000000	-0.0000000000	0.0000000000	0.0834753358	-0.9965098436	0.0000000000	
5.9970385904	2.7644890293	0.0000000000	-0.0000000000	0.0000000000	0.0834908339	-0.9965085452	0.0000000000	
5.9972182630	2.7644587122	0.0000000000	-0.0000000000	0.0000000000	0.0834722362	-0.9965101032	0.0000000000	
5.9976209813	2.7643907841	0.0000000000	-0.0000000000	0.0000000000	0.0834288412	-0.9965137372	0.0000000000	
5.9978347341	2.7643547432	0.0000000000	-0.0000000000	0.0000000000	0.0834164426	-0.9965147752	0.0000000000	
5.9980407423	2.7643200090	0.0000000000	-0.0000000000	0.0000000000	0.0834257416	-0.9965139967	0.0000000000	
5.9984233263	2.7642554865	0.0000000000	-0.0000000000	0.0000000000	0.0834474391	-0.9965121800	0.0000000000	
5.9988028134	2.7641914916	0.0000000000	-0.0000000000	0.0000000000	0.0834257416	-0.9965139967	0.0000000000	
5.9990057235	2.7641572785	0.0000000000	-0.0000000000	0.0000000000	0.0834226419	-0.9965142562	0.0000000000	
5.9994130893	2.7640885707	0.0000000000	-0.0000000000	0.0000000000	0.0834753358	-0.9965098436	0.0000000000	
5.9996067019	2.7640559011	0.0000000000	-0.0000000000	0.0000000000	0.0834908339	-0.9965085452	0.0000000000	
5.9999784385	2.7639931779	0.0000000000	-0.0000000000	0.0000000000	0.0834660369	-0.9965106225	0.0000000000	
6.0001720525	2.7639605161	0.0000000000	-0.0000000000	0.0000000000	0.0834629373	-0.9965108821	0.0000000000	
6.0005763170	2.7638923107	0.0000000000	-0.0000000000	0.0000000000	0.0834908339	-0.9965085452	0.0000000000	
6.0007885152	2.7638564974	0.0000000000	-0.0000000000	0.0000000000	0.0835125313	-0.9965067271	0.0000000000	
6.0009604412	2.7638274749	0.0000000000	-0.0000000000	0.0000000000	0.0835218302	-0.9965059477	0.0000000000	
6.0011494046	2.7637955744	0.0000000000	-0.0000000000	0.0000000000	0.0835218302	-0.9965059477	0.0000000000	
6.0015490165	2.7637281177	0.0000000000	-0.0000000000	0.0000000000	0.0835156309	-0.9965064673	0.0000000000	
6.0019796048	2.7636554244	0.0000000000	-0.0000000000	0.0000000000	0.0835404279	-0.9965043888	0.0000000000	
6.0021887017	2.7636201133	0.0000000000	-0.0000000000	0.0000000000	0.0835559259	-0.9965030894	0.0000000000	
6.0025883094	2.7635526316	0.0000000000	-0.0000000000	0.0000000000	0.0835311290	-0.9965051683	0.0000000000	
6.0030096058	2.7634815153	0.0000000000	-0.0000000000	0.0000000000	0.0835063321	-0.9965072466	0.0000000000	
6.0032202544	2.7634459593	0.0000000000	-0.0000000000	0.0000000000	0.0835187306	-0.9965062075	0.0000000000	
6.0036028263	2.7633813654	0.0000000000	-0.0000000000	0.0000000000	0.0835404279	-0.9965043888	0.0000000000	
6.0039606170	2.7633209596	0.0000000000	-0.0000000000	0.0000000000	0.0835125313	-0.9965067271	0.0000000000	
6.0041573259	2.7632877588	0.0000000000	-0.0000000000	0.0000000000	0.0834970332	-0.9965080258	0.0000000000	
6.0045739792	2.7632174476	0.0000000000	-0.0000000000	0.0000000000	0.0835001328	-0.9965077661	0.0000000000	
6.0049565552	2.7631528774	0.0000000000	-0.0000000000	0.0000000000	0.0835032324	-0.9965075063	0.0000000000	
6.0051439717	2.7631212503	0.0000000000	-0.0000000000	0.0000000000	0.0834815350	-0.9965093242	0.0000000000	
6.0053422321	2.7630878032	0.0000000000	-0.0000000000	0.0000000000	0.0834567380	-0.9965114013	0.0000000000	
6.0055559831	2.7630517523	0.0000000000	-0.0000000000	0.0000000000	0.0834381401	-0.9965129587	0.0000000000	
6.0057697347	2.7630157040	0.0000000000	-0.0000000000	0.0000000000	0.0834443394	-0.9965124396	0.0000000000	
6.0061631578	2.7629493333	0.0000000000	-0.0000000000	0.0000000000	0.0834815350	-0.9965093242	0.0000000000	
6.0063443796	2.7629187566	0.0000000000	-0.0000000000	0.0000000000	0.0834722362	-0.9965101032	0.0000000000	
6.0065364446	2.7628863565	0.0000000000	-0.0000000000	0.0000000000	0.0834536383	-0.9965116609	0.0000000000	
6.0069623989	2.7628145223	0.0000000000	-0.0000000000	0.0000000000	0.0834319409	-0.9965134777	0.0000000000	
6.0075525346	2.7627149720	0.0000000000	-0.0000000000	0.0000000000	0.0834784354	-0.9965095839	0.0000000000	
6.0077337567	2.7626843972	0.0000000000	-0.0000000000	0.0000000000	0.0834691365	-0.9965103628	0.0000000000	
6.0081256319	2.7626182939	0.0000000000	-0.0000000000	0.0000000000	0.0834598376	-0.9965111417	0.0000000000	
6.0083300879	2.7625838010	0.0000000000	-0.0000000000	0.0000000000	0.0834784354	-0.9965095839	0.0000000000	
6.0089000772	2.7624875849	0.0000000000	-0.0000000000	0.0000000000	0.0835280294	-0.9965054281	0.0000000000	
6.0090859427	2.7624562068	0.0000000000	-0.0000000000	0.0000000000	0.0835218302	-0.9965059477	0.0000000000	
6.0092903950	2.7624216921	0.0000000000	-0.0000000000	0.0000000000	0.0835218302	-0.9965059477	0.0000000000	
6.0095025914	2.7623858684	0.0000000000	-0.0000000000	0.0000000000	0.0835311290	-0.9965051683	0.0000000000	
6.0097163355	2.7623497763	0.0000000000	-0.0000000000	0.0000000000	0.0835559259	-0.9965030894	0.0000000000	
6.0099207846	2.7623152426	0.0000000000	-0.0000000000	0.0000000000	0.0835807228	-0.9965010099	0.0000000000	
6.0101128419	2.7622827964	0.0000000000	-0.0000000000	0.0000000000	0.0835807228	-0.9965010099	0.0000000000	
6.0104969578	2.7622179120	0.0000000000	-0.0000000000	0.0000000000	0.0835621252	-0.9965025696	0.0000000000	
6.0109151487	2.7621472728	0.0000000000	-0.0000000000	0.0000000000	0.0835807228	-0.9965010099	0.0000000000	
6.0111164983	2.7621132517	0.0000000000	-0.0000000000	0.0000000000	0.0836055196	-0.9964989298	0.0000000000	
6.0114727299	2.7620530473	0.0000000000	-0.0000000000	0.0000000000	0.0836117188	-0.9964984097	0.0000000000	
6.0118243153	2.7619936304	0.0000000000	-0.0000000000	0.0000000000	0.0836086192	-0.9964986697	0.0000000000	
6.0120225663	2.7619601271	0.0000000000	-0.0000000000	0.0000000000	0.0836086192	-0.9964986697	0.0000000000	
6.0122285612	2.7619253142	0.0000000000	-0.0000000000	0.0000000000	0.0836117188	-0.9964984097	0.0000000000	
6.0126080234	2.7618611724	0.0000000000	-0.0000000000	0.0000000000	0.0836334160	-0.9964965889	0.0000000000	
6.0129719980	2.7617996521	0.0000000000	-0.0000000000	0.0000000000	0.0836055196	-0.9964989298	0.0000000000	
6.0131764452	2.7617651076	0.0000000000	-0.0000000000	0.0000000000	0.0835869220	-0.9965004899	0.0000000000	
6.0138021815	2.7616594031	0.0000000000	-0.0000000000	0.0000000000	0.0835869220	-0.9965004899	0.0000000000	
6.0139911409	2.7616274791	0.0000000000	-0.0000000000	0.0000000000	0.0835807228	-0.9965010099	0.0000000000	
6.0141754545	2.7615963444	0.0000000000	-0.0000000000	0.0000000000	0.0835652248	-0.9965023097	0.0000000000	
6.0143721601	2.7615631234	0.0000000000	-0.0000000000	0.0000000000	0.0835497267	-0.9965036092	0.0000000000	
6.0147826097	2.7614938099	0.0000000000	-0.0000000000	0.0000000000	0.0835590255	-0.9965028295	0.0000000000	
6.0151636272	2.7614294447	0.0000000000	-0.0000000000	0.0000000000	0.0835900216	-0.9965002299	0.0000000000	
6.0153432933	2.7613990896	0.0000000000	-0.0000000000	0.0000000000	0.0835900216	-0.9965002299	0.0000000000	
6.0157274071	2.7613341925	0.0000000000	-0.0000000000	0.0000000000	0.0835900216	-0.9965002299	0.0000000000	
6.0161254597	2.7612669351	0.0000000000	-0.0000000000	0.0000000000	0.0836117188	-0.9964984097	0.0000000000	
6.0163113188	2.7612355194	0.0000000000	-0.0000000000	0.0000000000	0.0836365155	-0.9964963288	0.0000000000	
6.0166706436	2.7611747650	0.0000000000	-0.0000000000	0.0000000000	0.0836613122	-0.9964942473	0.0000000000	
6.0170764295	2.7611061348	0.0000000000	-0.0000000000	0.0000000000	0.0836861089	-0.9964921651	0.0000000000	
6.0172932603	2.7610694541	0.0000000000	-0.0000000000	0.0000000000	0.0836985072	-0.9964911238	0.0000000000	
6.0176789068	2.7610042001	0.0000000000	-0.0000000000	0.0000000000	0.0837264033	-0.9964887804	0.0000000000	
6.0180537088	2.7609407622	0.0000000000	-0.0000000000	0.0000000000	0.0837450007	-0.9964872176	0.0000000000	
6.0182612429	2.7609056303	0.0000000000	-0.0000000000	0.0000000000	0.0837511998	-0.9964866966	0.0000000000	
6.0186887015	2.7608332711	0.0000000000	-0.0000000000	0.0000000000	0.0837388016	-0.9964877386	0.0000000000	
6.0190464665	2.7607727136	0.0000000000	-0.0000000000	0.0000000000	0.0837481002	-0.9964869571	0.0000000000	
6.0192183788	2.7607436104	0.0000000000	-0.0000000000	0.0000000000	0.0837573989	-0.9964861756	0.0000000000	
6.0195931763	2.7606801462	0.0000000000	-0.0000000000	0.0000000000	0.0837821954	-0.9964840911	0.0000000000	
6.0199989476	2.7606114297	0.0000000000	-0.0000000000	0.0000000000	0.0837697971	-0.9964851334	0.0000000000	
6.0201863470	2.7605797012	0.0000000000	-0.0000000000	0.0000000000	0.0837542994	-0.9964864361	0.0000000000	
6.0205425617	2.7605193968	0.0000000000	-0.0000000000	0.0000000000	0.0837542994	-0.9964864361	0.0000000000	
6.0209529828	2.7604499150	0.0000000000	-0.0000000000	0.0000000000	0.0837450007	-0.9964872176	0.0000000000	
6.0211729078	2.7604126905	0.0000000000	-0.0000000000	0.0000000000	0.0837264033	-0.9964887804	0.0000000000	
6.0215771407	2.7603442972	0.0000000000	-0.0000000000	0.0000000000	0.0836861089	-0.9964921651	0.0000000000	
6.0219596947	2.7602795973	0.0000000000	-0.0000000000	0.0000000000	0.0836644118	-0.9964939870	0.0000000000	
6.0221672346	2.7602444996	0.0000000000	-0.0000000000	0.0000000000	0.0836644118	-0.9964939870	0.0000000000	
6.0225916071	2.7601727321	0.0000000000	-0.0000000000	0.0000000000	0.0836706110	-0.9964934665	0.0000000000	
6.0229633196	2.7601098660	0.0000000000	-0.0000000000	0.0000000000	0.0836706110	-0.9964934665	0.0000000000	
6.0231460784	2.7600789580	0.0000000000	-0.0000000000	0.0000000000	0.0836706110	-0.9964934665	0.0000000000	
6.0235472182	2.7600111158	0.0000000000	-0.0000000000	0.0000000000	0.0836799097	-0.9964926857	0.0000000000	
6.0239499049	2.7599429998	0.0000000000	-0.0000000000	0.0000000000	0.0836985072	-0.9964911238	0.0000000000	
6.0241311125	2.7599123399	0.0000000000	-0.0000000000	0.0000000000	0.0837140050	-0.9964898220	0.0000000000	
6.0244981721	2.7598502212	0.0000000000	-0.0000000000	0.0000000000	0.0837357020	-0.9964879990	0.0000000000	
6.0247041578	2.7598153537	0.0000000000	-0.0000000000	0.0000000000	0.0837511998	-0.9964866966	0.0000000000	
6.0251424565	2.7597411515	0.0000000000	-0.0000000000	0.0000000000	0.0837542994	-0.9964864361	0.0000000000	
6.0253437955	2.7597070683	0.0000000000	-0.0000000000	0.0000000000	0.0837419011	-0.9964874781	0.0000000000	
6.0257263411	2.7596423184	0.0000000000	-0.0000000000	0.0000000000	0.0837326024	-0.9964882595	0.0000000000	
6.0259307790	2.7596077185	0.0000000000	-0.0000000000	0.0000000000	0.0837264033	-0.9964887804	0.0000000000	
6.0265657784	2.7595002665	0.0000000000	-0.0000000000	0.0000000000	0.0837016067	-0.9964908635	0.0000000000	
6.0267454378	2.7594698717	0.0000000000	-0.0000000000	0.0000000000	0.0836954076	-0.9964913842	0.0000000000	
6.0270970129	2.7594103936	0.0000000000	-0.0000000000	0.0000000000	0.0836985072	-0.9964911238	0.0000000000	
6.0272921601	2.7593773780	0.0000000000	-0.0000000000	0.0000000000	0.0836985072	-0.9964911238	0.0000000000	
6.0276963938	2.7593089901	0.0000000000	-0.0000000000	0.0000000000	0.0836954076	-0.9964913842	0.0000000000	
6.0278822485	2.7592775478	0.0000000000	-0.0000000000	0.0000000000	0.0836954076	-0.9964913842	0.0000000000	
6.0282431178	2.7592165061	0.0000000000	-0.0000000000	0.0000000000	0.0836737106	-0.9964932063	0.0000000000	
6.0284398160	2.7591832416	0.0000000000	-0.0000000000	0.0000000000	0.0836582126	-0.9964945075	0.0000000000	
6.0288719374	2.7591101934	0.0000000000	-0.0000000000	0.0000000000	0.0836117188	-0.9964984097	0.0000000000	
6.0290779327	2.7590753823	0.0000000000	-0.0000000000	0.0000000000	0.0836024200	-0.9964991898	0.0000000000	
6.0294481048	2.7590128279	0.0000000000	-0.0000000000	0.0000000000	0.0835993204	-0.9964994499	0.0000000000	
6.0296355146	2.7589811612	0.0000000000	-0.0000000000	0.0000000000	0.0835962208	-0.9964997099	0.0000000000	
6.0298353153	2.7589474014	0.0000000000	-0.0000000000	0.0000000000	0.0835931212	-0.9964999699	0.0000000000	
6.0300490559	2.7589112887	0.0000000000	-0.0000000000	0.0000000000	0.0835869220	-0.9965004899	0.0000000000	
6.0302596988	2.7588756993	0.0000000000	-0.0000000000	0.0000000000	0.0835931212	-0.9964999699	0.0000000000	
6.0304517549	2.7588432460	0.0000000000	-0.0000000000	0.0000000000	0.0836055196	-0.9964989298	0.0000000000	
6.0308110839	2.7587825162	0.0000000000	-0.0000000000	0.0000000000	0.0836179180	-0.9964978895	0.0000000000	
6.0311998401	2.7587168102	0.0000000000	-0.0000000000	0.0000000000	0.0836210176	-0.9964976294	0.0000000000	
6.0314073832	2.7586817312	0.0000000000	-0.0000000000	0.0000000000	0.0836210176	-0.9964976294	0.0000000000	
6.0317883933	2.7586173217	0.0000000000	-0.0000000000	0.0000000000	0.0836582126	-0.9964945075	0.0000000000	
6.0321523605	2.7585557582	0.0000000000	-0.0000000000	0.0000000000	0.0836985072	-0.9964911238	0.0000000000	
6.0323490562	2.7585224790	0.0000000000	-0.0000000000	0.0000000000	0.0837078059	-0.9964903428	0.0000000000	
6.0327672275	2.7584517234	0.0000000000	-0.0000000000	0.0000000000	0.0837078059	-0.9964903428	0.0000000000	
6.0331776543	2.7583822754	0.0000000000	-0.0000000000	0.0000000000	0.0837171046	-0.9964895616	0.0000000000	
6.0333666049	2.7583502990	0.0000000000	-0.0000000000	0.0000000000	0.0837295029	-0.9964885199	0.0000000000	
6.0337599930	2.7582837212	0.0000000000	-0.0000000000	0.0000000000	0.0837171046	-0.9964895616	0.0000000000	
6.0341983000	2.7582095681	0.0000000000	-0.0000000000	0.0000000000	0.0836830093	-0.9964924254	0.0000000000	
6.0344011921	2.7581752477	0.0000000000	-0.0000000000	0.0000000000	0.0836923080	-0.9964916445	0.0000000000	
6.0347543161	2.7581155084	0.0000000000	-0.0000000000	0.0000000000	0.0836985072	-0.9964911238	0.0000000000	
6.0351198307	2.7580536743	0.0000000000	-0.0000000000	0.0000000000	0.0836861089	-0.9964921651	0.0000000000	
6.0353304671	2.7580180463	0.0000000000	-0.0000000000	0.0000000000	0.0836737106	-0.9964932063	0.0000000000	
6.0359205601	2.7579182429	0.0000000000	-0.0000000000	0.0000000000	0.0836706110	-0.9964934665	0.0000000000	
6.0361033193	2.7578873372	0.0000000000	-0.0000000000	0.0000000000	0.0836520135	-0.9964950279	0.0000000000	
6.0362984704	2.7578543447	0.0000000000	-0.0000000000	0.0000000000	0.0836272168	-0.9964971092	0.0000000000	
6.0367445360	2.7577789684	0.0000000000	-0.0000000000	0.0000000000	0.0835838224	-0.9965007499	0.0000000000	
6.0371379420	2.7577124963	0.0000000000	-0.0000000000	0.0000000000	0.0836024200	-0.9964991898	0.0000000000	
6.0373207051	2.7576816133	0.0000000000	-0.0000000000	0.0000000000	0.0836024200	-0.9964991898	0.0000000000	
6.0377079164	2.7576161919	0.0000000000	-0.0000000000	0.0000000000	0.0835776232	-0.9965012699	0.0000000000	
6.0381446930	2.7575424098	0.0000000000	-0.0000000000	0.0000000000	0.0835838224	-0.9965007499	0.0000000000	
6.0383429450	2.7575089128	0.0000000000	-0.0000000000	0.0000000000	0.0836024200	-0.9964991898	0.0000000000	
6.0387022752	2.7574481902	0.0000000000	-0.0000000000	0.0000000000	0.0835962208	-0.9964997099	0.0000000000	
6.0390879383	2.7573830343	0.0000000000	-0.0000000000	0.0000000000	0.0835807228	-0.9965010099	0.0000000000	
6.0392954839	2.7573479702	0.0000000000	-0.0000000000	0.0000000000	0.0835931212	-0.9964999699	0.0000000000	
6.0396873382	2.7572817430	0.0000000000	-0.0000000000	0.0000000000	0.0836396151	-0.9964960686	0.0000000000	
6.0400482133	2.7572207355	0.0000000000	-0.0000000000	0.0000000000	0.0836303164	-0.9964968491	0.0000000000	
6.0402495609	2.7571867031	0.0000000000	-0.0000000000	0.0000000000	0.0836179180	-0.9964978895	0.0000000000	
6.0406816855	2.7571136734	0.0000000000	-0.0000000000	0.0000000000	0.0836148184	-0.9964981496	0.0000000000	
6.0410921245	2.7570442974	0.0000000000	-0.0000000000	0.0000000000	0.0836241172	-0.9964973693	0.0000000000	
6.0412888264	2.7570110543	0.0000000000	-0.0000000000	0.0000000000	0.0836024200	-0.9964991898	0.0000000000	
6.0419145638	2.7569053565	0.0000000000	-0.0000000000	0.0000000000	0.0835590255	-0.9965028295	0.0000000000	
6.0421143662	2.7568716074	0.0000000000	-0.0000000000	0.0000000000	0.0835807228	-0.9965010099	0.0000000000	
6.0422971302	2.7568407295	0.0000000000	-0.0000000000	0.0000000000	0.0835931212	-0.9964999699	0.0000000000	
6.0426471698	2.7567815922	0.0000000000	-0.0000000000	0.0000000000	0.0835683244	-0.9965020498	0.0000000000	
6.0430405826	2.7567151603	0.0000000000	-0.0000000000	0.0000000000	0.0835249298	-0.9965056879	0.0000000000	
6.0432465836	2.7566803832	0.0000000000	-0.0000000000	0.0000000000	0.0835280294	-0.9965054281	0.0000000000	
6.0438475462	2.7565789117	0.0000000000	-0.0000000000	0.0000000000	0.0835218302	-0.9965059477	0.0000000000	
6.0440101794	2.7565514615	0.0000000000	-0.0000000000	0.0000000000	0.0834939336	-0.9965082855	0.0000000000	
6.0442223794	2.7565156590	0.0000000000	-0.0000000000	0.0000000000	0.0834598376	-0.9965111417	0.0000000000	
6.0446390374	2.7564453757	0.0000000000	-0.0000000000	0.0000000000	0.0834753358	-0.9965098436	0.0000000000	
6.0450247127	2.7563802917	0.0000000000	-0.0000000000	0.0000000000	0.0834970332	-0.9965080258	0.0000000000	
6.0452167760	2.7563478815	0.0000000000	-0.0000000000	0.0000000000	0.0834784354	-0.9965095839	0.0000000000	
6.0456303359	2.7562781190	0.0000000000	-0.0000000000	0.0000000000	0.0834505387	-0.9965119204	0.0000000000	
6.0460407963	2.7562088697	0.0000000000	-0.0000000000	0.0000000000	0.0835032324	-0.9965075063	0.0000000000	
6.0462235648	2.7561780191	0.0000000000	-0.0000000000	0.0000000000	0.0835156309	-0.9965064673	0.0000000000	
6.0465968468	2.7561150134	0.0000000000	-0.0000000000	0.0000000000	0.0834939336	-0.9965082855	0.0000000000	
6.0467997528	2.7560807757	0.0000000000	-0.0000000000	0.0000000000	0.0834784354	-0.9965095839	0.0000000000	
6.0470057568	2.7560460166	0.0000000000	-0.0000000000	0.0000000000	0.0834877343	-0.9965088049	0.0000000000	
6.0472086617	2.7560117720	0.0000000000	-0.0000000000	0.0000000000	0.0835156309	-0.9965064673	0.0000000000	
6.0475850377	2.7559482218	0.0000000000	-0.0000000000	0.0000000000	0.0835497267	-0.9965036092	0.0000000000	
6.0479753530	2.7558823139	0.0000000000	-0.0000000000	0.0000000000	0.0835311290	-0.9965051683	0.0000000000	
6.0481906468	2.7558459652	0.0000000000	-0.0000000000	0.0000000000	0.0835280294	-0.9965054281	0.0000000000	
6.0486150378	2.7557743069	0.0000000000	-0.0000000000	0.0000000000	0.0835590255	-0.9965028295	0.0000000000	
6.0488070963	2.7557418679	0.0000000000	-0.0000000000	0.0000000000	0.0835652248	-0.9965023097	0.0000000000	
6.0489976064	2.7557096932	0.0000000000	-0.0000000000	0.0000000000	0.0835497267	-0.9965036092	0.0000000000	
6.0491974108	2.7556759559	0.0000000000	-0.0000000000	0.0000000000	0.0835280294	-0.9965054281	0.0000000000	
6.0496187074	2.7556048405	0.0000000000	-0.0000000000	0.0000000000	0.0835156309	-0.9965064673	0.0000000000	
6.0500012790	2.7555402447	0.0000000000	-0.0000000000	0.0000000000	0.0835559259	-0.9965030894	0.0000000000	
6.0501763007	2.7555106869	0.0000000000	-0.0000000000	0.0000000000	0.0835528263	-0.9965033493	0.0000000000	
6.0505402869	2.7554492353	0.0000000000	-0.0000000000	0.0000000000	0.0835063321	-0.9965072466	0.0000000000	
6.0509553905	2.7553791814	0.0000000000	-0.0000000000	0.0000000000	0.0835001328	-0.9965077661	0.0000000000	
6.0511567461	2.7553451960	0.0000000000	-0.0000000000	0.0000000000	0.0835125313	-0.9965067271	0.0000000000	
6.0515238328	2.7552832377	0.0000000000	-0.0000000000	0.0000000000	0.0834846347	-0.9965090646	0.0000000000	
6.0519095136	2.7552181865	0.0000000000	-0.0000000000	0.0000000000	0.0834195423	-0.9965145157	0.0000000000	
6.0521170712	2.7551831940	0.0000000000	-0.0000000000	0.0000000000	0.0834133430	-0.9965150346	0.0000000000	
6.0525244389	2.7551144970	0.0000000000	-0.0000000000	0.0000000000	0.0834598376	-0.9965111417	0.0000000000	
6.0529008255	2.7550510096	0.0000000000	-0.0000000000	0.0000000000	0.0834319409	-0.9965134777	0.0000000000	
6.0530959915	2.7550181051	0.0000000000	-0.0000000000	0.0000000000	0.0834009444	-0.9965160724	0.0000000000	
6.0535064641	2.7549489276	0.0000000000	-0.0000000000	0.0000000000	0.0833916454	-0.9965168506	0.0000000000	
6.0538952451	2.7548833681	0.0000000000	-0.0000000000	0.0000000000	0.0834629373	-0.9965108821	0.0000000000	
6.0540780166	2.7548525351	0.0000000000	-0.0000000000	0.0000000000	0.0834629373	-0.9965108821	0.0000000000	
6.0544575030	2.7547885368	0.0000000000	-0.0000000000	0.0000000000	0.0834164426	-0.9965147752	0.0000000000	
6.0548524813	2.7547219415	0.0000000000	-0.0000000000	0.0000000000	0.0834443394	-0.9965124396	0.0000000000	
6.0550414484	2.7546900634	0.0000000000	-0.0000000000	0.0000000000	0.0834877343	-0.9965088049	0.0000000000	
6.0554147306	2.7546270588	0.0000000000	-0.0000000000	0.0000000000	0.0835156309	-0.9965064673	0.0000000000	
6.0558251877	2.7545577897	0.0000000000	-0.0000000000	0.0000000000	0.0834753358	-0.9965098436	0.0000000000	
6.0560466816	2.7545204226	0.0000000000	-0.0000000000	0.0000000000	0.0834660369	-0.9965106225	0.0000000000	
6.0564695304	2.7544490653	0.0000000000	-0.0000000000	0.0000000000	0.0835187306	-0.9965062075	0.0000000000	
6.0568629471	2.7543826560	0.0000000000	-0.0000000000	0.0000000000	0.0834939336	-0.9965082855	0.0000000000	
6.0570658535	2.7543484208	0.0000000000	-0.0000000000	0.0000000000	0.0834598376	-0.9965111417	0.0000000000	
6.0574825127	2.7542781449	0.0000000000	-0.0000000000	0.0000000000	0.0834567380	-0.9965114013	0.0000000000	
6.0578526999	2.7542156802	0.0000000000	-0.0000000000	0.0000000000	0.0835032324	-0.9965075063	0.0000000000	
6.0580292737	2.7541858803	0.0000000000	-0.0000000000	0.0000000000	0.0834908339	-0.9965085452	0.0000000000	
6.0584103068	2.7541216071	0.0000000000	-0.0000000000	0.0000000000	0.0834226419	-0.9965142562	0.0000000000	
6.0588145795	2.7540534500	0.0000000000	-0.0000000000	0.0000000000	0.0834195423	-0.9965145157	0.0000000000	
6.0590081961	2.7540208039	0.0000000000	-0.0000000000	0.0000000000	0.0834288412	-0.9965137372	0.0000000000	
6.0593923335	2.7539560468	0.0000000000	-0.0000000000	0.0000000000	0.0833730475	-0.9965184067	0.0000000000	
6.0598090097	2.7538858713	0.0000000000	-0.0000000000	0.0000000000	0.0833017551	-0.9965243688	0.0000000000	
6.0600196729	2.7538504024	0.0000000000	-0.0000000000	0.0000000000	0.0833141538	-0.9965233323	0.0000000000	
6.0604038196	2.7537857002	0.0000000000	-0.0000000000	0.0000000000	0.0833451505	-0.9965207403	0.0000000000	
6.0607848692	2.7537215250	0.0000000000	-0.0000000000	0.0000000000	0.0833017551	-0.9965243688	0.0000000000	
6.0609862395	2.7536876273	0.0000000000	-0.0000000000	0.0000000000	0.0832769577	-0.9965264414	0.0000000000	
6.0615795061	2.7535877505	0.0000000000	-0.0000000000	0.0000000000	0.0833358515	-0.9965215180	0.0000000000	
6.0617653832	2.7535564411	0.0000000000	-0.0000000000	0.0000000000	0.0833420509	-0.9965209996	0.0000000000	
6.0619590060	2.7535238319	0.0000000000	-0.0000000000	0.0000000000	0.0833141538	-0.9965233323	0.0000000000	
6.0623431587	2.7534591655	0.0000000000	-0.0000000000	0.0000000000	0.0832769577	-0.9965264414	0.0000000000	
6.0627443481	2.7533916167	0.0000000000	-0.0000000000	0.0000000000	0.0833420509	-0.9965209996	0.0000000000	
6.0629348710	2.7533595179	0.0000000000	-0.0000000000	0.0000000000	0.0833699478	-0.9965186661	0.0000000000	
6.0631238444	2.7533276773	0.0000000000	-0.0000000000	0.0000000000	0.0833575492	-0.9965197033	0.0000000000	
6.0635203849	2.7532608999	0.0000000000	-0.0000000000	0.0000000000	0.0832831571	-0.9965259233	0.0000000000	
6.0639494588	2.7531886719	0.0000000000	-0.0000000000	0.0000000000	0.0833172535	-0.9965230731	0.0000000000	
6.0641601197	2.7531531894	0.0000000000	-0.0000000000	0.0000000000	0.0833544495	-0.9965199625	0.0000000000	
6.0645674994	2.7530845638	0.0000000000	-0.0000000000	0.0000000000	0.0833203532	-0.9965228140	0.0000000000	
6.0647719674	2.7530501427	0.0000000000	-0.0000000000	0.0000000000	0.0832707583	-0.9965269594	0.0000000000	
6.0649764376	2.7530157342	0.0000000000	-0.0000000000	0.0000000000	0.0832583596	-0.9965279954	0.0000000000	
6.0653807272	2.7529476771	0.0000000000	-0.0000000000	0.0000000000	0.0833296522	-0.9965220364	0.0000000000	
6.0657493831	2.7528855780	0.0000000000	-0.0000000000	0.0000000000	0.0833358515	-0.9965215180	0.0000000000	
6.0659383598	2.7528537568	0.0000000000	-0.0000000000	0.0000000000	0.0832924561	-0.9965251461	0.0000000000	
6.0663380062	2.7527865047	0.0000000000	-0.0000000000	0.0000000000	0.0832552599	-0.9965282543	0.0000000000	
6.0667330028	2.7527200184	0.0000000000	-0.0000000000	0.0000000000	0.0833079545	-0.9965238506	0.0000000000	
6.0669250779	2.7526876774	0.0000000000	-0.0000000000	0.0000000000	0.0833017551	-0.9965243688	0.0000000000	
6.0673231759	2.7526206896	0.0000000000	-0.0000000000	0.0000000000	0.0832056648	-0.9965323965	0.0000000000	
6.0677352242	2.7525514102	0.0000000000	-0.0000000000	0.0000000000	0.0832056648	-0.9965323965	0.0000000000	
6.0679381479	2.7525172779	0.0000000000	-0.0000000000	0.0000000000	0.0832459608	-0.9965290312	0.0000000000	
6.0681348733	2.7524841743	0.0000000000	-0.0000000000	0.0000000000	0.0832676587	-0.9965272184	0.0000000000	
6.0685314233	2.7524174533	0.0000000000	-0.0000000000	0.0000000000	0.0832180636	-0.9965313612	0.0000000000	
6.0687327997	2.7523835913	0.0000000000	-0.0000000000	0.0000000000	0.0831870666	-0.9965339492	0.0000000000	
6.0689357259	2.7523494735	0.0000000000	-0.0000000000	0.0000000000	0.0831963657	-0.9965331729	0.0000000000	
6.0693276308	2.7522835465	0.0000000000	-0.0000000000	0.0000000000	0.0832738580	-0.9965267004	0.0000000000	
6.0697102364	2.7522191518	0.0000000000	-0.0000000000	0.0000000000	0.0832583596	-0.9965279954	0.0000000000	
6.0699069631	2.7521860562	0.0000000000	-0.0000000000	0.0000000000	0.0832242630	-0.9965308435	0.0000000000	
6.0702973208	2.7521204001	0.0000000000	-0.0000000000	0.0000000000	0.0832428611	-0.9965292901	0.0000000000	
6.0706721803	2.7520573037	0.0000000000	-0.0000000000	0.0000000000	0.0833110542	-0.9965235914	0.0000000000	
6.0708735493	2.7520233978	0.0000000000	-0.0000000000	0.0000000000	0.0833048548	-0.9965241097	0.0000000000	
6.0712592530	2.7519584821	0.0000000000	-0.0000000000	0.0000000000	0.0832397614	-0.9965295490	0.0000000000	
6.0716805889	2.7518876004	0.0000000000	-0.0000000000	0.0000000000	0.0832583596	-0.9965279954	0.0000000000	
6.0718866074	2.7518529272	0.0000000000	-0.0000000000	0.0000000000	0.0832862568	-0.9965256642	0.0000000000	
6.0722831530	2.7517861795	0.0000000000	-0.0000000000	0.0000000000	0.0832552599	-0.9965282543	0.0000000000	
6.0726920992	2.7517173976	0.0000000000	-0.0000000000	0.0000000000	0.0832056648	-0.9965323965	0.0000000000	
6.0728981216	2.7516827473	0.0000000000	-0.0000000000	0.0000000000	0.0832335621	-0.9965300669	0.0000000000	
6.0730824551	2.7516517312	0.0000000000	-0.0000000000	0.0000000000	0.0832738580	-0.9965267004	0.0000000000	
6.0732683357	2.7516204421	0.0000000000	-0.0000000000	0.0000000000	0.0832924561	-0.9965251461	0.0000000000	
6.0736308034	2.7515594324	0.0000000000	-0.0000000000	0.0000000000	0.0832552599	-0.9965282543	0.0000000000	
6.0740211599	2.7514937697	0.0000000000	-0.0000000000	0.0000000000	0.0832242630	-0.9965308435	0.0000000000	
6.0742147886	2.7514611953	0.0000000000	-0.0000000000	0.0000000000	0.0832521602	-0.9965285133	0.0000000000	
6.0745896493	2.7513981058	0.0000000000	-0.0000000000	0.0000000000	0.0832769577	-0.9965264414	0.0000000000	
6.0749769061	2.7513329540	0.0000000000	-0.0000000000	0.0000000000	0.0832025651	-0.9965326553	0.0000000000	
6.0751767344	2.7512993583	0.0000000000	-0.0000000000	0.0000000000	0.0831746677	-0.9965349842	0.0000000000	
6.0755732918	2.7512326812	0.0000000000	-0.0000000000	0.0000000000	0.0832304624	-0.9965303257	0.0000000000	
6.0759605468	2.7511675186	0.0000000000	-0.0000000000	0.0000000000	0.0832614593	-0.9965277364	0.0000000000	
6.0761510769	2.7511354630	0.0000000000	-0.0000000000	0.0000000000	0.0832273627	-0.9965305846	0.0000000000	
6.0765569286	2.7510672231	0.0000000000	-0.0000000000	0.0000000000	0.0831777674	-0.9965347254	0.0000000000	
6.0767614035	2.7510328425	0.0000000000	-0.0000000000	0.0000000000	0.0832149639	-0.9965316201	0.0000000000	
6.0769565811	2.7510000069	0.0000000000	-0.0000000000	0.0000000000	0.0832645590	-0.9965274774	0.0000000000	
6.0771517560	2.7509671557	0.0000000000	-0.0000000000	0.0000000000	0.0832893564	-0.9965254051	0.0000000000	
6.0775343621	2.7509027644	0.0000000000	-0.0000000000	0.0000000000	0.0832366618	-0.9965298080	0.0000000000	
6.0779278181	2.7508365885	0.0000000000	-0.0000000000	0.0000000000	0.0832304624	-0.9965303257	0.0000000000	
6.0781245440	2.7508034880	0.0000000000	-0.0000000000	0.0000000000	0.0832769577	-0.9965264414	0.0000000000	
6.0785117908	2.7507382771	0.0000000000	-0.0000000000	0.0000000000	0.0833389512	-0.9965212588	0.0000000000	
6.0787069624	2.7507054060	0.0000000000	-0.0000000000	0.0000000000	0.0833203532	-0.9965228140	0.0000000000	
6.0789083321	2.7506715046	0.0000000000	-0.0000000000	0.0000000000	0.0832769577	-0.9965264414	0.0000000000	
6.0791205475	2.7506357932	0.0000000000	-0.0000000000	0.0000000000	0.0832490605	-0.9965287722	0.0000000000	
6.0793343122	2.7505998235	0.0000000000	-0.0000000000	0.0000000000	0.0832676587	-0.9965272184	0.0000000000	
6.0795465257	2.7505641014	0.0000000000	-0.0000000000	0.0000000000	0.0833079545	-0.9965238506	0.0000000000	
6.0801645722	2.7504600277	0.0000000000	-0.0000000000	0.0000000000	0.0832738580	-0.9965267004	0.0000000000	
6.0805781619	2.7503904427	0.0000000000	-0.0000000000	0.0000000000	0.0832459608	-0.9965290312	0.0000000000	
6.0807764357	2.7503570751	0.0000000000	-0.0000000000	0.0000000000	0.0832893564	-0.9965254051	0.0000000000	
6.0809669616	2.7503249941	0.0000000000	-0.0000000000	0.0000000000	0.0833296522	-0.9965220364	0.0000000000	
6.0811512902	2.7502939482	0.0000000000	-0.0000000000	0.0000000000	0.0833327519	-0.9965217772	0.0000000000	
6.0815245987	2.7502311002	0.0000000000	-0.0000000000	0.0000000000	0.0832552599	-0.9965282543	0.0000000000	
6.0819180524	2.7501649109	0.0000000000	-0.0000000000	0.0000000000	0.0832366618	-0.9965298080	0.0000000000	
6.0821101314	2.7501325931	0.0000000000	-0.0000000000	0.0000000000	0.0832614593	-0.9965277364	0.0000000000	
6.0824989347	2.7500671659	0.0000000000	-0.0000000000	0.0000000000	0.0832397614	-0.9965295490	0.0000000000	
6.0829001397	2.7499997103	0.0000000000	-0.0000000000	0.0000000000	0.0831436706	-0.9965375708	0.0000000000	
6.0831030695	2.7499656139	0.0000000000	-0.0000000000	0.0000000000	0.0831343714	-0.9965383466	0.0000000000	
6.0834949837	2.7498997417	0.0000000000	-0.0000000000	0.0000000000	0.0831994654	-0.9965329141	0.0000000000	
6.0838868926	2.7498338382	0.0000000000	-0.0000000000	0.0000000000	0.0831901663	-0.9965336905	0.0000000000	
6.0840867220	2.7498002487	0.0000000000	-0.0000000000	0.0000000000	0.0831498700	-0.9965370536	0.0000000000	
6.0842896516	2.7497661511	0.0000000000	-0.0000000000	0.0000000000	0.0831343714	-0.9965383466	0.0000000000	
6.0844894828	2.7497325729	0.0000000000	-0.0000000000	0.0000000000	0.0831560694	-0.9965365363	0.0000000000	
6.0846831156	2.7497000231	0.0000000000	-0.0000000000	0.0000000000	0.0831963657	-0.9965331729	0.0000000000	
6.0850672773	2.7496354104	0.0000000000	-0.0000000000	0.0000000000	0.0832211633	-0.9965311024	0.0000000000	
6.0852593592	2.7496031101	0.0000000000	-0.0000000000	0.0000000000	0.0831839668	-0.9965342080	0.0000000000	
6.0854498943	2.7495710835	0.0000000000	-0.0000000000	0.0000000000	0.0831560694	-0.9965365363	0.0000000000	
6.0858325139	2.7495067723	0.0000000000	-0.0000000000	0.0000000000	0.0831963657	-0.9965331729	0.0000000000	
6.0862104782	2.7494431947	0.0000000000	-0.0000000000	0.0000000000	0.0832459608	-0.9965290312	0.0000000000	
6.0864025583	2.7494108835	0.0000000000	-0.0000000000	0.0000000000	0.0832149639	-0.9965316201	0.0000000000	
6.0868130598	2.7493418780	0.0000000000	-0.0000000000	0.0000000000	0.0831498700	-0.9965370536	0.0000000000	
6.0872313081	2.7492715791	0.0000000000	-0.0000000000	0.0000000000	0.0831932660	-0.9965334317	0.0000000000	
6.0874280369	2.7492384964	0.0000000000	-0.0000000000	0.0000000000	0.0832149639	-0.9965316201	0.0000000000	
6.0878245949	2.7491718226	0.0000000000	-0.0000000000	0.0000000000	0.0831529697	-0.9965367949	0.0000000000	
6.0882443971	2.7491012923	0.0000000000	-0.0000000000	0.0000000000	0.0831374711	-0.9965380880	0.0000000000	
6.0884426783	2.7490679686	0.0000000000	-0.0000000000	0.0000000000	0.0831808671	-0.9965344667	0.0000000000	
6.0888098007	2.7490062228	0.0000000000	-0.0000000000	0.0000000000	0.0832397614	-0.9965295490	0.0000000000	
6.0891722765	2.7489452612	0.0000000000	-0.0000000000	0.0000000000	0.0831839668	-0.9965342080	0.0000000000	
6.0893659096	2.7489127132	0.0000000000	-0.0000000000	0.0000000000	0.0831622689	-0.9965360189	0.0000000000	
6.0897423319	2.7488494375	0.0000000000	-0.0000000000	0.0000000000	0.0832025651	-0.9965326553	0.0000000000	
6.0901125524	2.7487871705	0.0000000000	-0.0000000000	0.0000000000	0.0832118642	-0.9965318789	0.0000000000	
6.0903061843	2.7487546153	0.0000000000	-0.0000000000	0.0000000000	0.0831653686	-0.9965357603	0.0000000000	
6.0907073997	2.7486872212	0.0000000000	-0.0000000000	0.0000000000	0.0830816761	-0.9965427412	0.0000000000	
6.0910931261	2.7486224414	0.0000000000	-0.0000000000	0.0000000000	0.0831281720	-0.9965388638	0.0000000000	
6.0912867610	2.7485899037	0.0000000000	-0.0000000000	0.0000000000	0.0831560694	-0.9965365363	0.0000000000	
6.0916786781	2.7485240489	0.0000000000	-0.0000000000	0.0000000000	0.0831033742	-0.9965409320	0.0000000000	
6.0920721545	2.7484579946	0.0000000000	-0.0000000000	0.0000000000	0.0830537784	-0.9965450667	0.0000000000	
6.0922657937	2.7484254835	0.0000000000	-0.0000000000	0.0000000000	0.0831002744	-0.9965411905	0.0000000000	
6.0926453174	2.7483617065	0.0000000000	-0.0000000000	0.0000000000	0.0831777674	-0.9965347254	0.0000000000	
6.0928327543	2.7483302001	0.0000000000	-0.0000000000	0.0000000000	0.0831622689	-0.9965360189	0.0000000000	
6.0930248401	2.7482979230	0.0000000000	-0.0000000000	0.0000000000	0.0831250723	-0.9965391223	0.0000000000	
6.0932184771	2.7482653985	0.0000000000	-0.0000000000	0.0000000000	0.0830971747	-0.9965414490	0.0000000000	
6.0935949070	2.7482021679	0.0000000000	-0.0000000000	0.0000000000	0.0831498700	-0.9965370536	0.0000000000	
6.0939806218	2.7481373186	0.0000000000	-0.0000000000	0.0000000000	0.0832211633	-0.9965311024	0.0000000000	
6.0941773498	2.7481042309	0.0000000000	-0.0000000000	0.0000000000	0.0832118642	-0.9965318789	0.0000000000	
6.0945863024	2.7480354870	0.0000000000	-0.0000000000	0.0000000000	0.0831436706	-0.9965375708	0.0000000000	
6.0949937078	2.7479670141	0.0000000000	-0.0000000000	0.0000000000	0.0831963657	-0.9965331729	0.0000000000	
6.0951981813	2.7479326254	0.0000000000	-0.0000000000	0.0000000000	0.0832335621	-0.9965300669	0.0000000000	
6.0956086755	2.7478635762	0.0000000000	-0.0000000000	0.0000000000	0.0832056648	-0.9965323965	0.0000000000	
6.0958162489	2.7478286774	0.0000000000	-0.0000000000	0.0000000000	0.0831746677	-0.9965349842	0.0000000000	
6.0960176270	2.7477948259	0.0000000000	-0.0000000000	0.0000000000	0.0831808671	-0.9965344667	0.0000000000	
6.0964095339	2.7477289104	0.0000000000	-0.0000000000	0.0000000000	0.0832645590	-0.9965274774	0.0000000000	
6.0967859428	2.7476655550	0.0000000000	-0.0000000000	0.0000000000	0.0832738580	-0.9965267004	0.0000000000	
6.0969780211	2.7476332331	0.0000000000	-0.0000000000	0.0000000000	0.0832428611	-0.9965292901	0.0000000000	
6.0975651046	2.7475344762	0.0000000000	-0.0000000000	0.0000000000	0.0832521602	-0.9965285133	0.0000000000	
6.0977587318	2.7475018933	0.0000000000	-0.0000000000	0.0000000000	0.0832676587	-0.9965272184	0.0000000000	
6.0979554573	2.7474687904	0.0000000000	-0.0000000000	0.0000000000	0.0832459608	-0.9965290312	0.0000000000	
6.0981537338	2.7474354389	0.0000000000	-0.0000000000	0.0000000000	0.0832025651	-0.9965326553	0.0000000000	
6.0985657860	2.7473661827	0.0000000000	-0.0000000000	0.0000000000	0.0831467703	-0.9965373122	0.0000000000	
6.0989654440	2.7472989998	0.0000000000	-0.0000000000	0.0000000000	0.0832087645	-0.9965321377	0.0000000000	
6.0991606235	2.7472661754	0.0000000000	-0.0000000000	0.0000000000	0.0832149639	-0.9965316201	0.0000000000	
6.0995602799	2.7471989830	0.0000000000	-0.0000000000	0.0000000000	0.0831529697	-0.9965367949	0.0000000000	
6.0997771510	2.7471625412	0.0000000000	-0.0000000000	0.0000000000	0.0831405709	-0.9965378294	0.0000000000	
6.0999661382	2.7471307822	0.0000000000	-0.0000000000	0.0000000000	0.0831653686	-0.9965357603	0.0000000000	
6.1001644172	2.7470974454	0.0000000000	-0.0000000000	0.0000000000	0.0832149639	-0.9965316201	0.0000000000	
6.1005470281	2.7470330828	0.0000000000	-0.0000000000	0.0000000000	0.0832304624	-0.9965303257	0.0000000000	
6.1009327413	2.7469682243	0.0000000000	-0.0000000000	0.0000000000	0.0831715680	-0.9965352429	0.0000000000	
6.1011263740	2.7469356740	0.0000000000	-0.0000000000	0.0000000000	0.0831870666	-0.9965339492	0.0000000000	
6.1015105340	2.7468710507	0.0000000000	-0.0000000000	0.0000000000	0.0832800574	-0.9965261823	0.0000000000	
6.1018869410	2.7468076841	0.0000000000	-0.0000000000	0.0000000000	0.0832831571	-0.9965259233	0.0000000000	
6.1020852148	2.7467743166	0.0000000000	-0.0000000000	0.0000000000	0.0832521602	-0.9965285133	0.0000000000	
6.1025034536	2.7467039611	0.0000000000	-0.0000000000	0.0000000000	0.0832397614	-0.9965295490	0.0000000000	
6.1029170388	2.7466343493	0.0000000000	-0.0000000000	0.0000000000	0.0833110542	-0.9965235914	0.0000000000	
6.1031153101	2.7466009668	0.0000000000	-0.0000000000	0.0000000000	0.0832924561	-0.9965251461	0.0000000000	
6.1035165071	2.7465334634	0.0000000000	-0.0000000000	0.0000000000	0.0832087645	-0.9965321377	0.0000000000	
6.1037256284	2.7464982973	0.0000000000	-0.0000000000	0.0000000000	0.0832056648	-0.9965323965	0.0000000000	
6.1039316503	2.7464636438	0.0000000000	-0.0000000000	0.0000000000	0.0832459608	-0.9965290312	0.0000000000	
6.1041283749	2.7464305360	0.0000000000	-0.0000000000	0.0000000000	0.0832924561	-0.9965251461	0.0000000000	
6.1043173524	2.7463987196	0.0000000000	-0.0000000000	0.0000000000	0.0833048548	-0.9965241097	0.0000000000	
6.1046891147	2.7463361486	0.0000000000	-0.0000000000	0.0000000000	0.0832366618	-0.9965298080	0.0000000000	
6.1048811955	2.7463038417	0.0000000000	-0.0000000000	0.0000000000	0.0832056648	-0.9965323965	0.0000000000	
6.1050825716	2.7462699784	0.0000000000	-0.0000000000	0.0000000000	0.0832056648	-0.9965323965	0.0000000000	
6.1054884187	2.7462017112	0.0000000000	-0.0000000000	0.0000000000	0.0832490605	-0.9965287722	0.0000000000	
6.1058927177	2.7461337101	0.0000000000	-0.0000000000	0.0000000000	0.0831715680	-0.9965352429	0.0000000000	
6.1060956473	2.7460996126	0.0000000000	-0.0000000000	0.0000000000	0.0831126734	-0.9965401565	0.0000000000	
6.1064984143	2.7460319730	0.0000000000	-0.0000000000	0.0000000000	0.0831064739	-0.9965406735	0.0000000000	
6.1069058231	2.7459635209	0.0000000000	-0.0000000000	0.0000000000	0.0831529697	-0.9965367949	0.0000000000	
6.1071103016	2.7459291614	0.0000000000	-0.0000000000	0.0000000000	0.0831281720	-0.9965388638	0.0000000000	
6.1075177174	2.7458607511	0.0000000000	-0.0000000000	0.0000000000	0.0830506787	-0.9965453250	0.0000000000	
6.1079266842	2.7457920914	0.0000000000	-0.0000000000	0.0000000000	0.0831064739	-0.9965406735	0.0000000000	
6.1081141242	2.7457606035	0.0000000000	-0.0000000000	0.0000000000	0.0831343714	-0.9965383466	0.0000000000	
6.1085168872	2.7456929408	0.0000000000	-0.0000000000	0.0000000000	0.0830971747	-0.9965414490	0.0000000000	
6.1089026168	2.7456281796	0.0000000000	-0.0000000000	0.0000000000	0.0830754766	-0.9965432581	0.0000000000	
6.1090885095	2.7455969628	0.0000000000	-0.0000000000	0.0000000000	0.0831126734	-0.9965401565	0.0000000000	
6.1092790469	2.7455649503	0.0000000000	-0.0000000000	0.0000000000	0.0831529697	-0.9965367949	0.0000000000	
6.1094742297	2.7455321459	0.0000000000	-0.0000000000	0.0000000000	0.0831653686	-0.9965357603	0.0000000000	
6.1098893830	2.7454623866	0.0000000000	-0.0000000000	0.0000000000	0.0831095736	-0.9965404150	0.0000000000	
6.1103060927	2.7453924105	0.0000000000	-0.0000000000	0.0000000000	0.0830940750	-0.9965417075	0.0000000000	
6.1105105735	2.7453580649	0.0000000000	-0.0000000000	0.0000000000	0.0831250723	-0.9965391223	0.0000000000	
6.1110341641	2.7452700958	0.0000000000	-0.0000000000	0.0000000000	0.0831064739	-0.9965406735	0.0000000000	
6.1113346915	2.7452196341	0.0000000000	-0.0000000000	0.0000000000	0.0830630776	-0.9965442916	0.0000000000	
6.1117235182	2.7451543455	0.0000000000	-0.0000000000	0.0000000000	0.0831219725	-0.9965393809	0.0000000000	
6.1119094079	2.7451231114	0.0000000000	-0.0000000000	0.0000000000	0.0831529697	-0.9965367949	0.0000000000	
6.1122889310	2.7450593307	0.0000000000	-0.0000000000	0.0000000000	0.0831312717	-0.9965386052	0.0000000000	
6.1124810191	2.7450270673	0.0000000000	-0.0000000000	0.0000000000	0.0830878755	-0.9965422244	0.0000000000	
6.1128651996	2.7449625663	0.0000000000	-0.0000000000	0.0000000000	0.0830816761	-0.9965427412	0.0000000000	
6.1130572888	2.7449303095	0.0000000000	-0.0000000000	0.0000000000	0.0831002744	-0.9965411905	0.0000000000	
6.1132540242	2.7448972659	0.0000000000	-0.0000000000	0.0000000000	0.0831095736	-0.9965404150	0.0000000000	
6.1134523093	2.7448639655	0.0000000000	-0.0000000000	0.0000000000	0.0830847758	-0.9965424828	0.0000000000	
6.1138504373	2.7447971562	0.0000000000	-0.0000000000	0.0000000000	0.0829886837	-0.9965504896	0.0000000000	
6.1142408252	2.7447316798	0.0000000000	-0.0000000000	0.0000000000	0.0830134817	-0.9965484242	0.0000000000	
6.1144375659	2.7446986674	0.0000000000	-0.0000000000	0.0000000000	0.0830413794	-0.9965460999	0.0000000000	
6.1148403402	2.7446310722	0.0000000000	-0.0000000000	0.0000000000	0.0830227810	-0.9965476496	0.0000000000	
6.1150401811	2.7445975511	0.0000000000	-0.0000000000	0.0000000000	0.0829762846	-0.9965515221	0.0000000000	
6.1154259254	2.7445328778	0.0000000000	-0.0000000000	0.0000000000	0.0829731849	-0.9965517802	0.0000000000	
6.1158178597	2.7444671251	0.0000000000	-0.0000000000	0.0000000000	0.0830506787	-0.9965453250	0.0000000000	
6.1160161478	2.7444338426	0.0000000000	-0.0000000000	0.0000000000	0.0830506787	-0.9965453250	0.0000000000	
6.1164018849	2.7443691260	0.0000000000	-0.0000000000	0.0000000000	0.0829793844	-0.9965512640	0.0000000000	
6.1167659384	2.7443080747	0.0000000000	-0.0000000000	0.0000000000	0.0830010827	-0.9965494570	0.0000000000	
6.1169580324	2.7442758466	0.0000000000	-0.0000000000	0.0000000000	0.0830320802	-0.9965468748	0.0000000000	
6.1171640667	2.7442412674	0.0000000000	-0.0000000000	0.0000000000	0.0830537784	-0.9965450667	0.0000000000	
6.1173654535	2.7442074674	0.0000000000	-0.0000000000	0.0000000000	0.0830351800	-0.9965466165	0.0000000000	
6.1177728823	2.7441391341	0.0000000000	-0.0000000000	0.0000000000	0.0829452870	-0.9965541026	0.0000000000	
6.1181663744	2.7440731735	0.0000000000	-0.0000000000	0.0000000000	0.0829638856	-0.9965525544	0.0000000000	
6.1183739626	2.7440383625	0.0000000000	-0.0000000000	0.0000000000	0.0829886837	-0.9965504896	0.0000000000	
6.1188015317	2.7439666592	0.0000000000	-0.0000000000	0.0000000000	0.0829514865	-0.9965535866	0.0000000000	
6.1190044757	2.7439326474	0.0000000000	-0.0000000000	0.0000000000	0.0829111895	-0.9965569400	0.0000000000	
6.1191950276	2.7439007210	0.0000000000	-0.0000000000	0.0000000000	0.0829080897	-0.9965571979	0.0000000000	
6.1193793818	2.7438698276	0.0000000000	-0.0000000000	0.0000000000	0.0829359877	-0.9965548765	0.0000000000	
6.1197651254	2.7438051499	0.0000000000	-0.0000000000	0.0000000000	0.0829886837	-0.9965504896	0.0000000000	
6.1201710081	2.7437370946	0.0000000000	-0.0000000000	0.0000000000	0.0829266884	-0.9965556504	0.0000000000	
6.1203584616	2.7437056873	0.0000000000	-0.0000000000	0.0000000000	0.0828925908	-0.9965584872	0.0000000000	
6.1207256249	2.7436441851	0.0000000000	-0.0000000000	0.0000000000	0.0828894910	-0.9965587450	0.0000000000	
6.1209208253	2.7436114853	0.0000000000	-0.0000000000	0.0000000000	0.0828956906	-0.9965582293	0.0000000000	
6.1213437621	2.7435406519	0.0000000000	-0.0000000000	0.0000000000	0.0828367946	-0.9965631267	0.0000000000	
6.1215498123	2.7435061677	0.0000000000	-0.0000000000	0.0000000000	0.0827964971	-0.9965664755	0.0000000000	
6.1217388226	2.7434745464	0.0000000000	-0.0000000000	0.0000000000	0.0827840979	-0.9965675056	0.0000000000	
6.1219216357	2.7434439607	0.0000000000	-0.0000000000	0.0000000000	0.0827964971	-0.9965664755	0.0000000000	
6.1223089484	2.7433791422	0.0000000000	-0.0000000000	0.0000000000	0.0828212956	-0.9965644149	0.0000000000	
6.1227334444	2.7433081088	0.0000000000	-0.0000000000	0.0000000000	0.0827778983	-0.9965680205	0.0000000000	
6.1229333008	2.7432746809	0.0000000000	-0.0000000000	0.0000000000	0.0827623992	-0.9965693078	0.0000000000	
6.1231176645	2.7432438444	0.0000000000	-0.0000000000	0.0000000000	0.0827778983	-0.9965680205	0.0000000000	
6.1232989281	2.7432135165	0.0000000000	-0.0000000000	0.0000000000	0.0828119962	-0.9965651877	0.0000000000	
6.1236893364	2.7431481624	0.0000000000	-0.0000000000	0.0000000000	0.0828491938	-0.9965620960	0.0000000000	
6.1241014344	2.7430791790	0.0000000000	-0.0000000000	0.0000000000	0.0828181958	-0.9965646725	0.0000000000	
6.1242904427	2.7430475460	0.0000000000	-0.0000000000	0.0000000000	0.0828181958	-0.9965646725	0.0000000000	
6.1246560618	2.7429863329	0.0000000000	-0.0000000000	0.0000000000	0.0828801917	-0.9965595185	0.0000000000	
6.1248481640	2.7429541538	0.0000000000	-0.0000000000	0.0000000000	0.0828987904	-0.9965579715	0.0000000000	
6.1250557577	2.7429193757	0.0000000000	-0.0000000000	0.0000000000	0.0828925908	-0.9965584872	0.0000000000	
6.1252664513	2.7428840871	0.0000000000	-0.0000000000	0.0000000000	0.0828615929	-0.9965610651	0.0000000000	
6.1256677043	2.7428169175	0.0000000000	-0.0000000000	0.0000000000	0.0828274952	-0.9965638996	0.0000000000	
6.1260720538	2.7427492173	0.0000000000	-0.0000000000	0.0000000000	0.0828739921	-0.9965600340	0.0000000000	
