142.8338690238	69.0353577348	-82.7919286371	0.0047997735	0.0258815518	0.6627751093	0.7483557055	1.0878075492	
142.7129899152	69.0826636096	-82.7195050938	0.0043539194	0.0253079272	0.6628595923	0.7483032227	1.1412906479	
142.3216501976	69.0822082036	-82.7177167796	0.0044531405	0.0257408482	0.6628292353	0.7483147620	1.1106701829	
142.0377144150	69.1033457604	-82.7772499622	0.0047367033	0.0260583908	0.6627926448	0.7483344399	1.0726416335	
141.9472881896	69.2173600183	-82.8533471660	0.0053634938	0.0258317793	0.6628824868	0.7482584853	1.1027220674	
141.4426096626	69.3708827906	-82.8126858192	0.0053905945	0.0252579228	0.6630195714	0.7481564186	1.1100549214	
141.2122833255	69.3236718220	-82.8111849253	0.0051678088	0.0255381479	0.6629155404	0.7482406585	1.0819296632	
141.1382837696	69.4274935071	-82.8610327383	0.0056341952	0.0252231740	0.6629722273	0.7481977501	1.0748801213	
140.6638587541	69.5737631228	-82.8799856632	0.0058913725	0.0249426110	0.6631812826	0.7480198823	1.0507398732	
140.5120569616	69.6176676921	-82.8346707767	0.0056491905	0.0245830948	0.6632316653	0.7479889814	1.0800067540	
140.3094730580	69.5705386755	-82.8256812130	0.0055677105	0.0250044059	0.6631556978	0.7480429806	1.0397241144	
139.8956227894	69.7473244139	-82.8189789985	0.0055409995	0.0241369929	0.6633677677	0.7478836190	1.0248628557	
139.5624957961	69.7884829054	-82.8800014498	0.0060505397	0.0245858175	0.6633787383	0.7478553190	0.9973851284	
139.4059189780	69.7402603120	-82.8527875269	0.0057764656	0.0247514041	0.6632489295	0.7479671503	0.9995903759	
138.9555450909	69.9998429104	-82.8950996782	0.0062493933	0.0237384765	0.6635306810	0.7477462572	0.9916579688	
138.7458698890	70.0439286699	-82.9035611125	0.0062596384	0.0235920856	0.6634751768	0.7478000537	0.9947942765	
138.5301595335	70.0870156049	-82.9576676430	0.0066865706	0.0238022884	0.6634770045	0.7477880752	0.9882754087	
138.1243027075	70.2939127627	-82.9624119170	0.0069307553	0.0228438174	0.6635741366	0.7477295566	0.9995717276	
137.9469076580	70.1905209046	-82.8823990633	0.0061702327	0.0232271989	0.6636109630	0.7476917248	1.0130596608	
137.8466822372	70.3242767130	-82.9361350933	0.0065875584	0.0226809057	0.6637193713	0.7476087056	0.9870477533	
137.4245925035	70.3685242951	-82.8873126544	0.0062947427	0.0225355564	0.6637002219	0.7476326239	0.9529679175	
137.2545938899	70.3874463721	-82.8697315130	0.0061866991	0.0223109969	0.6635090895	0.7478098905	0.9776984546	
137.1390394156	70.4271741447	-82.8889076884	0.0062598729	0.0222025658	0.6635710183	0.7477575568	0.9468967756	
136.6227233966	70.6439879703	-83.0203706377	0.0074268102	0.0221172849	0.6637711706	0.7475717366	0.9365583905	
136.5628738637	70.5827485850	-82.9100604069	0.0064497503	0.0217979816	0.6636465603	0.7477008036	0.9377206517	
136.3725727688	70.6400485573	-82.9472766017	0.0068428861	0.0217793115	0.6635004190	0.7478275406	0.9533223263	
135.9174847219	70.6852618944	-82.9129938282	0.0063504590	0.0214717693	0.6636740149	0.7476867237	0.9454963673	
135.7913241408	70.7462024861	-82.8768723979	0.0060598965	0.0208314132	0.6636412181	0.7477363597	0.9128479557	
135.5513502186	70.8576168645	-82.9576283523	0.0068133109	0.0209676637	0.6637737734	0.7476083959	0.9472335093	
135.1055414396	70.8772622768	-82.9115152684	0.0062120840	0.0205552319	0.6636313999	0.7477514678	0.9135842479	
134.9368105840	70.9612087634	-82.8955817864	0.0061770081	0.0200163174	0.6636500676	0.7477498107	0.9114193930	
134.6598362123	71.1251042463	-83.0323917630	0.0073694851	0.0201042654	0.6638278462	0.7475788251	0.9094655453	
134.2949511898	71.1211874121	-82.9433784691	0.0064149012	0.0196166005	0.6637156788	0.7477001644	0.8851251933	
134.1922352916	71.1538391867	-82.8884813186	0.0059348952	0.0189103928	0.6635678472	0.7478535193	0.9096236541	
133.9628477787	71.2601998960	-82.9546585509	0.0066381089	0.0190144615	0.6637584992	0.7476757589	0.9380215155	
133.4054535658	71.3563181858	-82.9704778391	0.0064116555	0.0185941655	0.6638318626	0.7476231710	0.8929070476	
133.2282740309	71.4102577992	-82.9955216476	0.0066551858	0.0185659081	0.6638766802	0.7475819480	0.8768706955	
133.1765483267	71.4995124449	-82.9705265949	0.0065139944	0.0177752784	0.6638286116	0.7476450908	0.9065880021	
132.7572554501	71.5556895878	-82.9560228155	0.0062909629	0.0175224498	0.6638681093	0.7476178978	0.8800568455	
132.4506573921	71.5626167289	-82.9855151991	0.0064949327	0.0178839935	0.6637862112	0.7476803090	0.8675674610	
132.3563015635	71.6528887112	-82.9358705062	0.0058867541	0.0168993429	0.6640222606	0.7474986259	0.8620659905	
132.0493941183	71.7512315516	-82.9670187046	0.0062584857	0.0166563700	0.6639360379	0.7475776443	0.8673064848	
131.8252902562	71.8392209307	-82.9163347019	0.0058751930	0.0159478876	0.6640505984	0.7474944479	0.8729372788	
131.7039310513	71.8508653737	-82.9348232698	0.0057794690	0.0158788535	0.6641016471	0.7474513108	0.8561263364	
131.1607714677	71.9548319483	-82.9372420990	0.0056682560	0.0153364833	0.6639548507	0.7475938866	0.8732200414	
131.0100345225	72.0782323120	-82.9390034589	0.0057700031	0.0146880413	0.6641250922	0.7474549020	0.8552266350	
130.8077174017	72.1023287817	-83.0140998552	0.0063981814	0.0151976766	0.6641412479	0.7474252449	0.8583811652	
130.4651949173	72.1259728482	-82.9074046279	0.0053162652	0.0142926992	0.6639053976	0.7476610723	0.8701059204	
130.3093915556	72.2663101457	-82.9627542450	0.0055604989	0.0136794693	0.6642223943	0.7473891649	0.8608473521	
130.0544284775	72.3335109068	-83.0059019060	0.0061817301	0.0138184892	0.6640750487	0.7475126522	0.8463722058	
129.4516321175	72.4801506852	-83.1127843030	0.0068272377	0.0138325888	0.6643135322	0.7472948409	0.8628413379	
129.3147583515	72.4637517968	-83.0493336738	0.0062003233	0.0134349678	0.6641517132	0.7474513760	0.8604050912	
129.3356566946	72.4831745026	-83.0023725656	0.0054963894	0.0126426404	0.6641571499	0.7474658745	0.8245525938	
128.8179383347	72.6276457017	-83.0332727631	0.0057248078	0.0123393631	0.6645302361	0.7471375589	0.8530455232	
128.6638402775	72.6568196725	-82.9897643414	0.0053826709	0.0118182717	0.6643273507	0.7473289279	0.8435059674	
128.6188366391	72.6808529726	-82.9614968460	0.0049514940	0.0113536645	0.6644420787	0.7472371117	0.8133043274	
128.0440041572	72.7919268420	-83.0547851911	0.0056736851	0.0115375040	0.6643644469	0.7472981848	0.7852069810	
127.9351033050	72.7705388539	-82.9922405551	0.0049401534	0.0111030828	0.6642685012	0.7473952601	0.8189412896	
127.8301850353	72.9125520443	-82.9679479120	0.0045741932	0.0097621927	0.6644364663	0.7472669929	0.8272906449	
127.3534733467	73.0582260900	-83.0843632555	0.0056137978	0.0099309458	0.6644779345	0.7472208082	0.7949556466	
127.2304724180	73.0627105288	-82.9872048025	0.0045171107	0.0090562094	0.6644918222	0.7472270064	0.8078325056	
126.6957205746	73.1479482822	-83.1024213957	0.0055844808	0.0096822937	0.6644327716	0.7472644503	0.8093322255	
126.6468063242	73.2920827670	-83.0982513879	0.0053035012	0.0083967162	0.6646093390	0.7471250193	0.7875244636	
126.4672201406	73.3510516932	-83.1279459260	0.0058886189	0.0086841417	0.6648058055	0.7469425352	0.7725295238	
126.0966122904	73.3504309774	-83.1181831346	0.0051547953	0.0082199706	0.6646249094	0.7471141746	0.7736932058	
126.0497191225	73.4264019212	-83.0634979597	0.0049127157	0.0074848497	0.6646765047	0.7470776307	0.7652943209	
125.8127994943	73.4336427739	-83.1071031496	0.0052308284	0.0079011363	0.6646146437	0.7471262182	0.7645957042	
125.6033169912	73.6401918734	-83.1144961634	0.0049710857	0.0062159378	0.6649229059	0.7468695868	0.7929091807	
125.2044416363	73.7558227013	-83.2013178381	0.0056614604	0.0062469458	0.6649953424	0.7467999184	0.7164252722	
125.0453875674	73.7374624233	-83.1191330679	0.0050438947	0.0059483523	0.6648764752	0.7469126113	0.7503220048	
125.1668879402	73.7179414285	-83.0799338900	0.0041573870	0.0051936404	0.6649228136	0.7468824501	0.7712801108	
124.4668570143	73.8585524785	-83.1767824763	0.0050013632	0.0052816747	0.6648216969	0.7469666670	0.7782305349	
124.3818140577	73.9796791370	-83.1394260624	0.0042657796	0.0037672646	0.6649673731	0.7468507237	0.7688509300	
124.2527447606	74.0507548568	-83.1669765249	0.0046957558	0.0036694992	0.6649404686	0.7468725847	0.7724989653	
123.4196623708	74.1586367059	-83.3043120205	0.0062641817	0.0049325201	0.6649982430	0.7468023614	0.7548174979	
123.6181353936	74.1549522440	-83.1630432622	0.0042610977	0.0029309652	0.6648491222	0.7469597694	0.7812266145	
122.9283416185	74.1805392780	-83.2759424115	0.0056245384	0.0045024868	0.6649546530	0.7468489818	0.7432352109	
123.0457637699	73.0358728348	-82.5363661080	-0.0017447044	0.0068353011	0.6630781081	0.7485169719	0.7699525543	
122.9423757759	72.9857126521	-82.5054258227	-0.0022842981	0.0068216959	0.6630344437	0.7485543220	0.7837285424	
122.8070501631	72.7320204021	-82.4248010437	-0.0040450737	0.0073716162	0.6628666614	0.7486902470	0.7707091460	
122.1919215376	72.8703241596	-82.4541388481	-0.0036015381	0.0072314191	0.6628786928	0.7486832268	0.7524684812	
122.0629682930	72.8497507372	-82.4581274450	-0.0038528572	0.0072422998	0.6628651954	0.7486938208	0.7743999148	
121.9583932894	72.9230057585	-82.5025289976	-0.0034427534	0.0071015172	0.6628685261	0.7486942187	0.7697665468	
121.3964027976	72.9909262652	-82.5154081688	-0.0034035166	0.0071055952	0.6629085031	0.7486589632	0.7793910792	
121.1150747419	73.0422081414	-82.5533277108	-0.0031095130	0.0071036430	0.6627978713	0.7487582060	0.7772253230	
120.8751249858	73.0554429626	-82.5341700299	-0.0033022747	0.0070869981	0.6628733067	0.7486907564	0.7897503711	
120.4736091296	73.2357077240	-82.6800593915	-0.0019825336	0.0071159674	0.6628501192	0.7487156683	0.7712710411	
120.4392346124	73.1854971936	-82.6274265642	-0.0024881444	0.0070954890	0.6628433036	0.7487203871	0.7639772813	
119.9571386617	73.2303559116	-82.6360988906	-0.0026461972	0.0069944798	0.6628015956	0.7487577177	0.8067564499	
119.6080980248	73.2823002267	-82.6984761146	-0.0021664339	0.0072684656	0.6627860025	0.7487704527	0.7762850048	
119.5082962999	73.3790495950	-82.7373259033	-0.0017203342	0.0070187289	0.6628600604	0.7487084334	0.7689489303	
118.8370813101	73.4835816977	-82.7731676804	-0.0015692407	0.0068927548	0.6627446918	0.7488120598	0.7868298637	
118.7107755906	73.4979362394	-82.7285614240	-0.0020299300	0.0065113402	0.6627622328	0.7487988413	0.7962448718	
118.3699119803	73.6159522976	-82.7257996864	-0.0018789215	0.0060203523	0.6628295518	0.7487437547	0.7963558948	
117.9745447785	73.5975048988	-82.8173345263	-0.0014051092	0.0068345029	0.6627256144	0.7488298040	0.7878465746	
117.7989137010	73.6929173976	-82.8109015161	-0.0013836122	0.0063045289	0.6627631282	0.7488012917	0.8080819733	
117.5094517993	73.7768022785	-82.8620990261	-0.0009131778	0.0062540576	0.6627007339	0.7488576568	0.8026466905	
117.4286412057	73.7604558224	-82.8489112907	-0.0010364794	0.0063253552	0.6626642302	0.7488891998	0.8158252658	
116.9036470018	73.8513030820	-82.8880088834	-0.0008297412	0.0063118787	0.6628244755	0.7487477455	0.8137930688	
116.6051929939	73.9075201860	-82.8962519183	-0.0006042739	0.0062908519	0.6627052784	0.7488536399	0.7998286616	
116.2758277892	74.0120938171	-82.9002569402	-0.0006713891	0.0057004407	0.6626979434	0.7488648009	0.8467356367	
115.9698170809	73.9908130655	-82.9391153946	-0.0005593579	0.0062069648	0.6626962587	0.7488623568	0.8202003650	
115.7548886219	74.1199612656	-82.9650725601	-0.0001705595	0.0057011632	0.6626935175	0.7488689936	0.8211950418	
115.5589561572	74.1411313301	-82.9456135773	-0.0003741944	0.0054794390	0.6626786582	0.7488837237	0.8518820638	
115.4698369077	74.1849862481	-82.9641386790	-0.0001859327	0.0053959881	0.6627424828	0.7488279176	0.8559528161	
114.9469836334	74.2583395183	-83.0086428193	0.0001157687	0.0055524307	0.6627596821	0.7488115657	0.8434511097	
114.7668916063	74.3825018405	-83.0216774612	0.0003526592	0.0049063018	0.6627159957	0.7488546674	0.8332673805	
114.3899808301	74.4134416515	-83.0524696229	0.0006086363	0.0052304759	0.6627880321	0.7487885524	0.8289380874	
114.0906697974	74.4586071185	-83.1079428982	0.0009424423	0.0053815663	0.6627666682	0.7488060457	0.8372780886	
113.8794123525	74.4353492113	-83.0496893334	0.0002733933	0.0051312125	0.6626593633	0.7489033076	0.8495273236	
113.5832271878	74.5529742081	-83.0917631600	0.0006488238	0.0047518526	0.6626249511	0.7489360274	0.8441022625	
113.1376824490	74.6019678444	-83.1688111749	0.0013092108	0.0053304000	0.6626935666	0.7488705560	0.8402500357	
113.1047858837	74.6017144668	-83.1004076136	0.0006731354	0.0048171198	0.6627059825	0.7488638882	0.8286743066	
113.0539394417	74.6578786890	-83.1072670161	0.0007317217	0.0044651371	0.6627042481	0.7488675495	0.8330459474	
112.2997015617	74.7427296769	-83.1964902397	0.0014572681	0.0050200436	0.6626364705	0.7489229490	0.8357929606	
112.1732266387	74.8602605592	-83.1875553336	0.0013410130	0.0041339698	0.6626715924	0.7488975048	0.8303476661	
111.8473208814	74.9373103100	-83.2177604857	0.0018040687	0.0041896806	0.6626549576	0.7489109421	0.8365920791	
111.4608024860	74.9687802388	-83.2323078752	0.0018318204	0.0043304580	0.6627395165	0.7488352455	0.8460375294	
111.1683890207	75.0658784504	-83.2440184763	0.0019039197	0.0038327967	0.6626437537	0.7489225197	0.8362216395	
110.8705365983	75.1173093626	-83.2745974724	0.0022385008	0.0039616834	0.6625770695	0.7489799204	0.8496612967	
110.5079471637	75.1762658243	-83.3288899015	0.0025753740	0.0041144009	0.6626189357	0.7489409758	0.8356579905	
110.3592069196	75.2277088346	-83.2987826004	0.0022898395	0.0035519491	0.6626268544	0.7489377759	0.8587886794	
109.9911589761	75.3563572728	-83.3355165894	0.0028431918	0.0033914749	0.6627358101	0.7488402100	0.8379091136	
109.6670829400	75.2903952411	-83.3700085122	0.0028023132	0.0040606599	0.6625132579	0.7490339386	0.8321570167	
109.3769081243	75.4582317916	-83.3754584376	0.0029054742	0.0031020950	0.6625929669	0.7489676197	0.8605000516	
109.0795956757	75.4627376713	-83.3688616666	0.0029090116	0.0033952488	0.6626654099	0.7489022396	0.8594114867	
108.9316445955	75.4709446145	-83.4113126982	0.0031784631	0.0036220857	0.6625763603	0.7489788679	0.8511221092	
108.7516375452	75.5143064296	-83.3852012545	0.0028624120	0.0031937757	0.6625967014	0.7489640964	0.8629897833	
108.0709882376	75.6951727613	-83.4594161729	0.0037821129	0.0031756571	0.6625037049	0.7490423565	0.8354165470	
107.8823632026	75.7166407850	-83.4624611467	0.0035706963	0.0030168428	0.6625789870	0.7489774594	0.8542581431	
107.5761111459	75.7677173924	-83.4529925074	0.0034687073	0.0027667152	0.6625285754	0.7490234977	0.8667513821	
107.2576950200	75.8349943740	-83.4726275075	0.0038577014	0.0028543050	0.6624935015	0.7490522890	0.8478262592	
106.9290478185	75.9101987806	-83.5253710580	0.0040520925	0.0026742954	0.6624315135	0.7491067472	0.8400242375	
106.6661832603	75.9437064116	-83.5213225992	0.0041468461	0.0027369755	0.6623906190	0.7491421631	0.8310392114	
106.2840282845	76.0739145478	-83.5336934234	0.0044069428	0.0023100290	0.6624788003	0.7490641373	0.8480906878	
105.9946375563	76.0411537403	-83.5509058387	0.0042698887	0.0026352325	0.6623956506	0.7491373877	0.8626016944	
105.8103267514	76.1807443605	-83.5712616764	0.0044792423	0.0019081842	0.6624033801	0.7491315354	0.8400670844	
105.5912939098	76.2347914602	-83.5706763326	0.0045091300	0.0016735548	0.6623897506	0.7491439683	0.8605538332	
105.3880616648	76.2073271588	-83.6011628942	0.0048664831	0.0023365672	0.6623247962	0.7491973853	0.8285201055	
104.8309729923	76.3304185241	-83.6128044560	0.0049610566	0.0019604059	0.6623147545	0.7492067209	0.8520409851	
104.5294868330	76.3730511404	-83.6313677827	0.0051309631	0.0020212700	0.6623310632	0.7491909972	0.8516118708	
104.3041688614	76.4419077201	-83.6619789374	0.0055417970	0.0020060122	0.6622476429	0.7492618527	0.8394343243	
103.7868815691	76.5239275153	-83.6699060923	0.0054155936	0.0016847921	0.6623440502	0.7491783446	0.8471067143	
103.4435774233	76.6227060492	-83.7044603690	0.0059860560	0.0016723769	0.6622828578	0.7492281271	0.8432105142	
103.4118662733	76.5736677136	-83.6560990236	0.0050889361	0.0012822021	0.6622421817	0.7492714805	0.8630352742	
102.7738508961	76.7850514092	-83.7257159536	0.0058615713	0.0008358097	0.6623223963	0.7491955597	0.8451251830	
102.5491463279	76.7577472690	-83.7223795021	0.0059089193	0.0012686158	0.6622091431	0.7492946857	0.8646892034	
102.4126762298	76.8032927493	-83.7257252865	0.0059086520	0.0010309568	0.6622230802	0.7492827350	0.8667557249	
101.8476157865	76.9185953170	-83.7697389363	0.0063410930	0.0009582252	0.6622437637	0.7492610158	0.8523786308	
101.5509598595	76.9682832654	-83.7869370986	0.0066783692	0.0011167864	0.6621823777	0.7493121184	0.8621695261	
101.4821324601	76.9472631905	-83.7694965955	0.0061799012	0.0009067126	0.6622777497	0.7492323864	0.8588608606	
101.1507688051	77.0194097714	-83.7808123976	0.0066824429	0.0011124914	0.6622827866	0.7492233431	0.8476540337	
99.2059483393	76.5092887716	-84.1182694435	0.0107785462	0.0106692052	0.6619446647	0.7493992606	0.6182475885	
99.0879681925	76.5634858523	-84.0974548785	0.0106565776	0.0102726066	0.6619814789	0.7493740271	0.6127508171	
98.4940942162	76.5614185752	-84.1023791617	0.0108524107	0.0109477142	0.6618707295	0.7494594787	0.6256359157	
98.2438602330	76.7370046254	-84.1439485471	0.0115827650	0.0103850451	0.6617840585	0.7495330882	0.6127533143	
98.2599500235	76.7072712187	-84.1246290758	0.0110444221	0.0101641152	0.6619908260	0.7493616336	0.6152216966	
97.1354321545	76.2878348020	-84.0328501240	0.0103178250	0.0137676756	0.6612872275	0.7499354614	0.6124279895	
97.6024490034	75.6795648412	-83.8209919873	0.0048042032	0.0132191934	0.6615659983	0.7497550283	0.6974362824	
97.0384099873	75.8606493617	-83.8671606858	0.0061413633	0.0134783107	0.6614573198	0.7498365374	0.6575553859	
96.6449232598	75.8987487106	-83.8713759996	0.0063198387	0.0136615934	0.6613969381	0.7498849983	0.6472291855	
96.4679949378	75.9474757210	-83.8793862072	0.0064509141	0.0135901050	0.6613882721	0.7498928246	0.6383941162	
96.0272474249	75.9787897682	-83.8596045646	0.0062871391	0.0135660232	0.6613559312	0.7499231742	0.6434789591	
95.8695655034	76.0132929934	-83.8608870265	0.0063955969	0.0135225882	0.6613701081	0.7499105387	0.6568881514	
95.6062593078	76.0621095120	-83.8744768612	0.0065469712	0.0134844808	0.6613633152	0.7499159094	0.6402015045	
95.3211631449	76.0785037066	-83.8637010098	0.0064910542	0.0135735914	0.6613502912	0.7499262738	0.6463939954	
95.0372951270	76.1291522387	-83.8691070120	0.0066241995	0.0135434122	0.6613640768	0.7499134976	0.6609796502	
94.8713242966	76.1814892100	-83.8814684411	0.0067912504	0.0134180062	0.6613163005	0.7499563899	0.6471440189	
94.8045476758	76.1464618368	-83.8592124285	0.0065368716	0.0135438682	0.6613148469	0.7499576696	0.6591469176	
94.1424644313	76.2477053961	-83.8561801450	0.0066973362	0.0134585756	0.6613409531	0.7499347680	0.6526146792	
93.8786021418	76.3222504953	-83.8599180222	0.0068462136	0.0132260794	0.6613347342	0.7499430442	0.6535999760	
93.7707710839	76.2910024427	-83.8649357884	0.0067687282	0.0134700706	0.6612773635	0.7499899933	0.6708221368	
93.1774566366	76.3659057690	-83.8645311825	0.0068891895	0.0135024028	0.6612441356	0.7500176113	0.6619359128	
92.9901740366	76.4371174503	-83.8548949699	0.0069145628	0.0131407871	0.6612843172	0.7499883735	0.6604479775	
92.9051351862	76.4411223925	-83.8535617658	0.0068806356	0.0131692757	0.6613058077	0.7499692365	0.6556133509	
92.6253822669	76.4476749284	-83.8461721869	0.0068170522	0.0133073960	0.6613170154	0.7499574963	0.6519976191	
92.1057324557	76.5006859501	-83.8382946008	0.0067355943	0.0132300393	0.6612785914	0.7499934815	0.6811331008	
91.8168368543	76.5161554715	-83.8166315279	0.0065648353	0.0132236367	0.6613045960	0.7499721792	0.6747251183	
91.6278674766	76.5467289736	-83.8214877081	0.0066733408	0.0132184629	0.6613284811	0.7499502510	0.6850673817	
91.1024446429	76.6439552577	-83.8252627301	0.0067817119	0.0130007778	0.6612928984	0.7499844603	0.6726400442	
90.9421623759	76.6777672103	-83.8176210840	0.0068367365	0.0129448722	0.6612815444	0.7499949389	0.6787336446	
90.6921158629	76.6906723018	-83.8292752465	0.0069104953	0.0130591543	0.6612462066	0.7500234382	0.6809148274	
90.4449089043	76.7070496093	-83.8121731674	0.0068859626	0.0131791031	0.6613341185	0.7499440503	0.6795871370	
89.9818211000	76.7842463972	-83.8022337513	0.0068295954	0.0129028369	0.6613279882	0.7499547756	0.6805226900	
89.7115296648	76.8448649006	-83.8009440914	0.0067923175	0.0126192038	0.6613153891	0.7499710502	0.6727133527	
89.5527598375	76.8390738532	-83.7878202874	0.0067398266	0.0127796158	0.6613137507	0.7499702522	0.6992587008	
89.0526212632	76.8968911989	-83.7914845194	0.0066761626	0.0126671058	0.6614255056	0.7498741720	0.6889735885	
88.7113132839	76.9383433889	-83.7896838387	0.0068731424	0.0128138297	0.6613891781	0.7499019408	0.6792031892	
88.6399030778	76.9189328318	-83.7834868221	0.0067486575	0.0129020443	0.6613528980	0.7499335552	0.7041742474	
88.1683237717	77.0400430328	-83.7865279136	0.0068800807	0.0124721169	0.6613937777	0.7499035816	0.7031288147	
87.9272980698	77.0096445177	-83.7674928390	0.0066522594	0.0127162395	0.6613757195	0.7499174637	0.6978523292	
87.7857300970	77.0795300697	-83.7735240626	0.0068096847	0.0124437041	0.6614477819	0.7498570626	0.6932046123	
87.2949794514	77.1313351530	-83.7652866908	0.0066612322	0.0123096001	0.6614799252	0.7498322548	0.7014925592	
86.9873282597	77.1845473555	-83.7642305336	0.0067069620	0.0121801895	0.6614413875	0.7498679554	0.6968927152	
86.8832910215	77.1585121542	-83.7590745884	0.0066306098	0.0124110155	0.6615073868	0.7498066277	0.6959044576	
86.3257404525	77.2710399897	-83.7477762800	0.0067243857	0.0120877288	0.6615064658	0.7498118865	0.7108235955	
86.1249613008	77.2251833816	-83.7234460921	0.0063214627	0.0122641949	0.6614651768	0.7498489505	0.7098284926	
85.9548401785	77.2706592299	-83.7478341918	0.0065520751	0.0122287505	0.6614677117	0.7498453136	0.7007507436	
85.3934593118	77.3482038540	-83.7150324623	0.0063371373	0.0119282682	0.6614906395	0.7498317751	0.7208654374	
85.1510468343	77.4228397763	-83.7263117827	0.0065281106	0.0116940814	0.6614828211	0.7498407228	0.7156839948	
85.0510913122	77.3992724927	-83.7213765489	0.0064615701	0.0118802775	0.6613718208	0.7499362785	0.7250031952	
84.5807771972	77.4149909207	-83.7077761721	0.0062609705	0.0119697024	0.6613951691	0.7499159665	0.7424446113	
84.2244525955	77.4707836362	-83.7060617471	0.0063382446	0.0118948181	0.6614023723	0.7499101559	0.7417725392	
84.0254691037	77.4660486833	-83.7030290459	0.0062571487	0.0120350874	0.6614411450	0.7498744004	0.7435948245	
83.4410895674	77.5585793386	-83.6830393577	0.0061173151	0.0116808567	0.6613873988	0.7499285598	0.7343224980	
83.2058877436	77.6398898725	-83.6947759034	0.0062298346	0.0113413575	0.6614068818	0.7499156615	0.7326749083	
83.0367303643	77.5725684629	-83.6771805186	0.0058247485	0.0116296631	0.6613709088	0.7499462276	0.7339669660	
82.4795879150	77.6341015108	-83.6725554212	0.0059149780	0.0117062575	0.6613477552	0.7499647480	0.7366126083	
82.1979907998	77.6884294028	-83.6745590917	0.0058299720	0.0114317329	0.6613320151	0.7499835283	0.7492004190	
82.0426634775	77.7187202129	-83.6655482339	0.0058686253	0.0113608344	0.6612850434	0.7500257210	0.7220650252	
81.5693087967	77.7915717900	-83.6690131278	0.0058912129	0.0112142868	0.6613328062	0.7499856351	0.7424465388	
81.3453312847	77.7864866842	-83.6601217445	0.0056942140	0.0112730074	0.6613509369	0.7499702884	0.7485420492	
81.0686073522	77.8853650284	-83.6718248489	0.0059117309	0.0109149208	0.6613560604	0.7499693843	0.7433171466	
80.8694129146	77.8264694477	-83.6341243722	0.0054307311	0.0111397147	0.6613064721	0.7500134425	0.7529545886	
80.5342792208	77.8647025729	-83.6379739869	0.0055258954	0.0112046211	0.6613340279	0.7499874829	0.7518493829	
80.2564271646	77.8853800611	-83.6347546674	0.0052629912	0.0110046662	0.6614498316	0.7498902043	0.7546281289	
79.9893004208	77.9976200023	-83.6392601858	0.0053795704	0.0104670205	0.6614859753	0.7498651920	0.7588630851	
79.6423148495	77.9665132876	-83.6240512484	0.0051658870	0.0108317075	0.6614315235	0.7499095462	0.7563036458	
79.4986319972	78.0446676033	-83.6352216800	0.0053147335	0.0104838461	0.6615132559	0.7498413531	0.7503074724	
78.9946834034	78.0813636841	-83.6264829998	0.0051200126	0.0104569736	0.6614728943	0.7498786883	0.7611139424	
78.6673939795	78.1203859262	-83.6183893039	0.0051632529	0.0104942220	0.6614342625	0.7499119472	0.7458203949	
78.4207128289	78.1400102323	-83.6064160327	0.0048852893	0.0103364081	0.6614969597	0.7498606970	0.7623361178	
78.1102977009	78.1665156122	-83.6047476125	0.0048680418	0.0103866796	0.6615113919	0.7498473828	0.7698792998	
77.9138871544	78.1609140002	-83.5876180278	0.0045747412	0.0103637652	0.6615687315	0.7497989581	0.7632168580	
77.5854427375	78.1920417661	-83.5940873376	0.0046703463	0.0104759892	0.6615127093	0.7498462355	0.7734716371	
77.3862506754	78.2202084732	-83.5876351762	0.0045784309	0.0103468435	0.6615294441	0.7498338319	0.7842544101	
77.1148364518	78.3001231171	-83.5925596444	0.0045555706	0.0100066492	0.6616409058	0.7497402387	0.7676247980	
76.8645898827	78.2915601320	-83.5907360255	0.0043349170	0.0100392249	0.6616646536	0.7497201535	0.7861623142	
76.5055871863	78.3415807192	-83.5830946232	0.0043984359	0.0100718543	0.6616716761	0.7497131482	0.7851442941	
76.2869746527	78.3272310065	-83.5735641539	0.0041494282	0.0101559397	0.6616863537	0.7497004792	0.7682714676	
76.1764450921	78.3607243400	-83.5725353228	0.0040267196	0.0098871220	0.6616605474	0.7497275174	0.7921548195	
75.9484433324	78.4192406808	-83.5804157239	0.0041378240	0.0097163812	0.6616783510	0.7497134320	0.7760235064	
75.7106737660	78.4383446454	-83.5689051441	0.0040659815	0.0097359007	0.6617442286	0.7496554248	0.7895225484	
75.4962251859	78.4063904718	-83.5673964397	0.0037383691	0.0098598762	0.6617515853	0.7496490157	0.7721635260	
75.3507305778	78.4902489679	-83.5698274022	0.0040031586	0.0096105034	0.6617576934	0.7496454950	0.7788228616	
74.8567004935	78.4527146103	-83.5450287571	0.0034761007	0.0098724893	0.6617954602	0.7496113790	0.7940470703	
74.6333357785	78.5466132670	-83.5569661212	0.0037455636	0.0095490532	0.6617786560	0.7496291062	0.7875060242	
74.5118270110	78.5608725302	-83.5577098400	0.0035923155	0.0094261076	0.6618339813	0.7495825671	0.8075670727	
72.7759503848	77.3714108693	-83.1504240511	0.0029404547	0.0199207787	0.6614917278	0.7496820729	0.9653389677	
72.5877525990	77.2708696980	-83.1538616844	0.0018983209	0.0199450293	0.6615817856	0.7496053183	0.9049754388	
72.3704126474	77.3493771710	-83.1522132257	0.0023890691	0.0199791408	0.6615123318	0.7496642989	0.9087147509	
71.7487677476	77.4808762411	-83.1350902088	0.0027155915	0.0197957803	0.6615417407	0.7496420999	0.9168475310	
71.2782949184	77.7788327793	-83.3673958654	0.0050115200	0.0197896445	0.6615623068	0.7496122790	0.8303955725	
71.1227703228	77.7544441792	-83.3518736870	0.0048375325	0.0199641316	0.6615617524	0.7496092845	0.8438487469	
70.5581637033	77.8184986346	-83.3314599055	0.0047142767	0.0198253173	0.6616543240	0.7495320459	0.8378003476	
70.2954138762	77.8064502768	-83.3128880921	0.0044527834	0.0199250628	0.6616437074	0.7495403719	0.8425486544	
70.1154928338	77.8510534560	-83.3131997593	0.0046209478	0.0198556020	0.6616077395	0.7495729457	0.8322301523	
69.6528152767	77.9059733139	-83.2992591981	0.0045045264	0.0197069029	0.6616443837	0.7495452333	0.8512864063	
69.4119726420	77.9270463610	-83.2900043721	0.0044218830	0.0196753698	0.6616531174	0.7495388442	0.8305183947	
69.2239484040	77.9566516750	-83.2900474739	0.0044746225	0.0196335780	0.6616525833	0.7495400985	0.8430788169	
68.6196449787	78.0581941300	-83.2754667931	0.0044472125	0.0193378747	0.6617115677	0.7494958773	0.8396528295	
68.3902977667	78.0610071827	-83.2691131721	0.0043445240	0.0193953835	0.6617425214	0.7494676641	0.8626534293	
68.3247489285	78.0734261692	-83.2705177683	0.0042877986	0.0192832433	0.6617411545	0.7494720914	0.8545376339	
67.6251444559	78.1855730635	-83.2428613997	0.0043028467	0.0190175356	0.6618085978	0.7494192410	0.8600335053	
67.4294215881	78.1830827749	-83.2306520243	0.0040800141	0.0189951674	0.6618353279	0.7493974485	0.8533199076	
67.3464318044	78.1987631763	-83.2256132501	0.0041460880	0.0190098159	0.6618204412	0.7494098614	0.8494335054	
66.8164990053	78.2703897397	-83.2015043593	0.0038976271	0.0186567509	0.6618986230	0.7493510173	0.8478420116	
66.5404931759	78.2652601993	-83.1990114507	0.0037502017	0.0187816222	0.6618702306	0.7493737282	0.8456727459	
66.4003953719	78.2890144041	-83.1976151792	0.0037056029	0.0186578669	0.6618269948	0.7494152263	0.8446141823	
65.9068384302	78.3534960212	-83.1801291212	0.0036317393	0.0185111976	0.6618695322	0.7493816574	0.8530519226	
65.6904806167	78.4339817019	-83.1830573606	0.0036864833	0.0181220014	0.6619398623	0.7493287807	0.8477724399	
65.4801033286	78.4267116251	-83.1825991356	0.0036738949	0.0183344245	0.6618816879	0.7493750614	0.8526333241	
64.9391762262	78.5334462980	-83.1691020414	0.0035700628	0.0178895191	0.6619043483	0.7493663013	0.8434671505	
64.7791216004	78.5642256838	-83.1641225128	0.0036426984	0.0178708586	0.6619507971	0.7493253668	0.8539585055	
64.6203285779	78.5571349845	-83.1571481697	0.0034889942	0.0179063895	0.6619400494	0.7493347443	0.8398074371	
64.0407484189	78.6067677044	-83.1281521990	0.0031511862	0.0177190191	0.6619724451	0.7493120767	0.8506161341	
63.8354665866	78.6380206236	-83.1186867495	0.0030099691	0.0175402927	0.6620040165	0.7492889699	0.8487131074	
63.6974845495	78.6584426179	-83.1232681193	0.0029600344	0.0174498070	0.6620785289	0.7492254427	0.8657479019	
63.0476157023	78.7267804632	-83.1067769128	0.0027177893	0.0172584756	0.6620847617	0.7492252845	0.8549806476	
62.8169861349	78.7717626561	-83.1125847963	0.0027787572	0.0171643500	0.6620470465	0.7492605500	0.8586337566	
62.8004787300	78.7753828620	-83.0961397711	0.0025438581	0.0169596326	0.6621246136	0.7491975011	0.8495282599	
62.2968896310	78.8346025235	-83.0928109098	0.0024959697	0.0169080590	0.6621610610	0.7491666150	0.8576442649	
62.0604663901	78.8673390483	-83.0865035184	0.0023962884	0.0167806434	0.6621882052	0.7491458127	0.8530204489	
61.9391857059	78.9237389094	-83.0932372087	0.0023400931	0.0164093149	0.6621971573	0.7491463029	0.8532754965	
61.2563471488	79.0310837075	-83.0899672133	0.0023507806	0.0161836237	0.6622474684	0.7491067045	0.8591539251	
61.1115894960	79.0115563609	-83.0688761022	0.0020544564	0.0162282538	0.6622745103	0.7490827030	0.8493008912	
61.0240406490	79.0219065901	-83.0671121831	0.0020519849	0.0161964626	0.6623012594	0.7490597478	0.8481327860	
60.3934306517	79.0860618522	-83.0575467496	0.0017245736	0.0159804808	0.6622747673	0.7490886347	0.8489506077	
60.2018537116	79.0985353611	-83.0495943750	0.0015161981	0.0158829947	0.6623161390	0.7490545798	0.8544264777	
60.1197663357	79.1310101797	-83.0470788071	0.0016144496	0.0157910945	0.6623099018	0.7490618325	0.8313239304	
59.5628475318	79.2360867683	-83.0501885060	0.0015228087	0.0153721974	0.6623778970	0.7490106129	0.8500599600	
59.4005365014	79.2513059327	-83.0459638090	0.0014850481	0.0153696049	0.6623332484	0.7490502239	0.8431708024	
59.1136422760	79.2660799995	-83.0393754184	0.0013367239	0.0153659386	0.6623510912	0.7490348010	0.8294710182	
58.9221284534	79.3307178251	-83.0445759623	0.0013505872	0.0150548185	0.6623877306	0.7490086934	0.8524877448	
58.7665252368	79.3094243482	-83.0288228990	0.0011224518	0.0151491053	0.6624402725	0.7489607000	0.8502919991	
58.5096317094	79.3541588092	-83.0338490357	0.0011471097	0.0150365773	0.6624110786	0.7489887505	0.8366512752	
58.2666470019	79.4208821319	-83.0336221565	0.0012549817	0.0148250925	0.6624119232	0.7489920464	0.8357072665	
57.8754563190	79.4807718550	-83.0342335821	0.0010106006	0.0144589065	0.6623702725	0.7490364082	0.8361517408	
57.6485019703	79.4417141567	-83.0174272282	0.0006411942	0.0146411346	0.6624026182	0.7490046712	0.8453812646	
57.2951921579	79.5205952887	-83.0181871427	0.0007452803	0.0144118564	0.6624167572	0.7489965172	0.8353207484	
57.0119802959	79.5420919264	-83.0147957967	0.0004113746	0.0141934573	0.6624126381	0.7490045884	0.8402577400	
56.7996427025	79.5786591801	-83.0140207792	0.0003647994	0.0140625609	0.6624516783	0.7489725531	0.8387247373	
56.5662214284	79.5959643929	-83.0095463025	0.0003057936	0.0140486770	0.6624405437	0.7489826882	0.8459579597	
56.5060634659	79.5848427300	-83.0022689004	0.0001140213	0.0140414669	0.6625076044	0.7489235598	0.8355796247	
55.8853126088	79.6822589614	-83.0095894536	-0.0001002886	0.0135839188	0.6625074819	0.7489321088	0.8258209340	
55.6937878587	79.7416288544	-83.0175967288	-0.0000428881	0.0133401661	0.6625491238	0.7488996573	0.8260222955	
55.6247834016	79.7264955516	-83.0121460698	-0.0001564650	0.0134267967	0.6625406041	0.7489056313	0.8318810589	
55.0663430547	79.7575560535	-83.0083001868	-0.0003302041	0.0134923042	0.6625900242	0.7488606736	0.8420917508	
54.8621416893	79.7868831927	-83.0087258181	-0.0005714594	0.0132342840	0.6625819580	0.7488722696	0.8317088274	
54.6934171034	79.8388451557	-83.0134810601	-0.0004050556	0.0131187209	0.6625749295	0.7488806300	0.8327873641	
54.1604568125	79.9221681485	-83.0143222080	-0.0006342778	0.0127069995	0.6626923667	0.7487836516	0.8249598347	
53.9169709833	79.9318353112	-83.0136834007	-0.0008117063	0.0126837689	0.6626731524	0.7488008789	0.8366234309	
53.8417786906	79.9529947628	-83.0190568129	-0.0008181524	0.0125782208	0.6626864111	0.7487909184	0.8162160339	
53.3121461989	79.9787754373	-83.0021084116	-0.0012004760	0.0125143786	0.6626958847	0.7487830885	0.8314608606	
53.1181803484	80.0073575096	-83.0128362482	-0.0013153981	0.0123320785	0.6627457814	0.7487417571	0.8266964943	
52.9591115143	80.0522275324	-83.0178383460	-0.0012117732	0.0122061071	0.6627810241	0.7487127998	0.8320309613	
52.4142410835	80.1373888050	-83.0237161949	-0.0013481451	0.0118861119	0.6627397038	0.7487542907	0.8325926798	
52.2039012869	80.1483520561	-83.0278260838	-0.0015176978	0.0118285123	0.6627076964	0.7487832076	0.8328880016	
52.0841232932	80.1823551985	-83.0291622065	-0.0015354903	0.0116542009	0.6627619503	0.7487378841	0.8257467759	
51.5379206760	80.2250421162	-83.0287299982	-0.0016932790	0.0116148657	0.6628056703	0.7486994531	0.8386064519	
51.3993151718	80.2472553594	-82.9782371660	-0.0020741259	0.0112664904	0.6628836153	0.7486348087	0.8695125138	
51.2271927910	80.3027109299	-82.9906073463	-0.0018598466	0.0111630358	0.6628821887	0.7486381846	0.8758112032	
50.6584748155	80.2835627677	-82.9788302411	-0.0025260920	0.0111989006	0.6628918210	0.7486271683	0.8680408597	
50.1050148910	81.0692492627	-83.1748839866	0.0019366499	0.0094791132	0.6630797311	0.7484862497	0.8839149922	
49.8000839410	81.3805370793	-83.1807178952	0.0041164061	0.0092409514	0.6631724583	0.7483982567	0.9153416710	
49.1147648728	81.6236726048	-83.2139761591	0.0051913915	0.0088760863	0.6630999732	0.7484602128	0.9153760294	
48.8183584254	81.7168807799	-83.2185872168	0.0053294320	0.0085205098	0.6631536858	0.7484157849	0.9114637630	
48.7014286387	81.7009044546	-83.2208766473	0.0053336848	0.0087350670	0.6631070267	0.7484546222	0.9210456306	
48.1307744616	81.7857034223	-83.2155941973	0.0052945381	0.0085135899	0.6631225449	0.7484437034	0.9086313876	
47.9398946612	81.8015413013	-83.2165744850	0.0051190452	0.0083991609	0.6631257143	0.7484434090	0.9124215714	
47.7820011238	81.7553536084	-83.2030347674	0.0049082510	0.0086816310	0.6631195497	0.7484470597	0.9168568583	
47.2108350689	81.9597572845	-83.2298914877	0.0055295017	0.0080592027	0.6632001476	0.7483782721	0.9243547672	
46.9848458571	81.9132222018	-83.2169719904	0.0050944534	0.0082241680	0.6631872105	0.7483910297	0.9162544555	
46.8143396991	81.9672753443	-83.2264823099	0.0052737613	0.0080968024	0.6631908224	0.7483879758	0.9080430668	
46.2633920090	81.9634897668	-83.2091036376	0.0048858637	0.0082237784	0.6632719148	0.7483173557	0.9034205393	
45.5069723035	82.0758177771	-83.3795324642	0.0071815060	0.0099957307	0.6632355863	0.7483094737	0.9533072636	
45.3635343425	82.0754230728	-83.3834129587	0.0069887870	0.0099444697	0.6632939208	0.7482602749	0.9397642979	
44.8362779863	82.1555589205	-83.3676959548	0.0069325448	0.0097015078	0.6632806009	0.7482757948	0.9441272269	
44.5820346929	82.2008673035	-83.3787666024	0.0070462252	0.0096405766	0.6632921480	0.7482652848	0.9349223649	
44.4498084710	82.1826239766	-83.3597692070	0.0067186701	0.0095960451	0.6633103840	0.7482527045	0.9353595904	
43.8435671059	82.2728516283	-83.3618212184	0.0066068764	0.0092948259	0.6633005241	0.7482662428	0.9501204242	
43.6041822464	82.3119200229	-83.3610832602	0.0067058274	0.0092520129	0.6632788500	0.7482851056	0.9333397231	
43.5113522966	82.3575428765	-83.3615317969	0.0069069885	0.0091645979	0.6632964446	0.7482687553	0.9300273129	
42.9341161405	82.4256167296	-83.3558938284	0.0068845771	0.0090596075	0.6633190466	0.7482502045	0.9605435468	
42.6934333002	82.4708214610	-83.3549494399	0.0069344274	0.0089582692	0.6632468091	0.7483149961	0.9522643276	
42.6103493554	82.4516949607	-83.3559300461	0.0068212574	0.0090758451	0.6632529506	0.7483091761	0.9591898328	
42.3712919887	82.4913047758	-83.3573883380	0.0068878554	0.0089882525	0.6632157586	0.7483425862	0.9471261973	
41.9742514938	82.5258009211	-83.3475609333	0.0063682237	0.0085851202	0.6633895319	0.7481978819	0.9231133262	
41.5619032546	82.5578079546	-83.3518673180	0.0065249218	0.0087676105	0.6632718031	0.7482987836	0.9355487612	
41.5102710807	82.5826469542	-83.3415533167	0.0064292007	0.0085567955	0.6632851606	0.7482902126	0.9301595489	
40.9406622090	82.6415121737	-83.3352321161	0.0063091489	0.0084454843	0.6633025029	0.7482771265	0.9399835778	
40.6876649632	82.6948445761	-83.3477615727	0.0064068940	0.0082904716	0.6633671550	0.7482207144	0.9289572897	
40.6027657594	82.6753061611	-83.3393336041	0.0062547865	0.0083736165	0.6633424501	0.7482429780	0.9259801482	
40.0072158022	82.8389932535	-83.3515989163	0.0064247947	0.0077267049	0.6633317329	0.7482579984	0.9281066147	
39.7866387697	82.8117879508	-83.3478557968	0.0061843301	0.0078690943	0.6633339055	0.7482566145	0.9392445143	
39.7247461954	82.8339830990	-83.3395449207	0.0061532770	0.0077381082	0.6633718495	0.7482245974	0.9179657828	
39.0583627605	82.9154958872	-83.3463926067	0.0061322380	0.0075887578	0.6633019569	0.7482882602	0.9340754350	
38.7869795591	82.9635648331	-83.3522262357	0.0063198908	0.0075874478	0.6632673360	0.7483173997	0.9208614795	
38.7468088127	82.9670383388	-83.3504339022	0.0061373510	0.0074474499	0.6633170771	0.7482762349	0.9238424301	
38.2297235570	83.0290460479	-83.3539184060	0.0058388907	0.0070723644	0.6634369559	0.7481759784	0.9122197454	
37.9631757259	83.0548548916	-83.3504269980	0.0058348827	0.0071031262	0.6634162062	0.7481941173	0.9114977879	
37.8641619486	83.0608669674	-83.3471640748	0.0058680767	0.0071709119	0.6633998191	0.7482077411	0.9084628547	
37.6277081128	83.0353201626	-83.3398316302	0.0055625851	0.0072850325	0.6633534328	0.7482500980	0.9076852277	
37.1814244347	83.1139226490	-83.3451737758	0.0054871828	0.0069700412	0.6634356256	0.7481807803	0.9060567779	
36.9513334931	83.2198893383	-83.3513384736	0.0057060353	0.0065133153	0.6634455708	0.7481744398	0.9169103627	
36.8614525102	83.2171907086	-83.3602084973	0.0056664455	0.0065534827	0.6634219967	0.7481952937	0.9154497546	
36.2346032575	83.2693761176	-83.3538417641	0.0054687086	0.0065085615	0.6633739006	0.7482398010	0.9076660263	
35.9964028861	83.2960792954	-83.3518109323	0.0054518159	0.0064763511	0.6633914513	0.7482246434	0.9108384810	
35.9357332868	83.2702412592	-83.3453220862	0.0052243973	0.0065201853	0.6634327807	0.7481892396	0.9061483660	
35.3305896900	83.3337822776	-83.3550880169	0.0050272021	0.0063372773	0.6633597195	0.7482569403	0.9058088077	
35.1110888819	83.3837190912	-83.3578582375	0.0050625187	0.0061602700	0.6633571871	0.7482604255	0.8929930441	
35.0005791605	83.3327266656	-83.3558904674	0.0049303712	0.0065265926	0.6633326338	0.7482799690	0.8951439715	
34.5043850885	83.4758407761	-83.3658094190	0.0048595861	0.0057657394	0.6634178728	0.7482111111	0.8822006794	
34.2656698527	83.4602471041	-83.3587757738	0.0045681503	0.0058194556	0.6634217457	0.7482090973	0.8990889272	
34.1090120938	83.4282301718	-83.3575084420	0.0042989945	0.0059348843	0.6634220923	0.7482094781	0.8888366514	
33.5570673663	83.5601903403	-83.3681151446	0.0044425383	0.0054933347	0.6634248620	0.7482095559	0.8916424550	
33.3031437181	83.6430781201	-83.3764258404	0.0046617602	0.0052521282	0.6634799402	0.7481611137	0.8996462598	
33.0963303103	83.6053057317	-83.3675877824	0.0042318831	0.0053375472	0.6634244262	0.7482122911	0.9031265285	
32.8768170014	83.6249827315	-83.3708001868	0.0041330601	0.0052834795	0.6634066868	0.7482289560	0.9043310881	
32.8066910799	83.6456235717	-83.3715290420	0.0041722982	0.0052086741	0.6634313489	0.7482073956	0.8973922171	
32.2708942121	83.6415047080	-83.3722230635	0.0038507867	0.0053670540	0.6634268493	0.7482119899	0.8921435811	
32.0144335247	83.6332745176	-83.3660180655	0.0037513489	0.0055596236	0.6634166181	0.7482201606	0.8913864164	
31.8900223169	83.7209628350	-83.3772712605	0.0039340196	0.0051404897	0.6634448258	0.7481972079	0.8997329995	
31.3805013921	83.7177957200	-83.3775576538	0.0035322228	0.0052066849	0.6634352015	0.7482072889	0.8847073056	
31.1129735689	83.7596588842	-83.3793070629	0.0036518853	0.0051881481	0.6634811851	0.7481660671	0.8795666837	
30.9743667422	83.7425381072	-83.3747119306	0.0033645779	0.0051782402	0.6635037013	0.7481475147	0.8828926931	
30.4593386713	83.7945294426	-83.3899799814	0.0030905155	0.0049368156	0.6634432474	0.7482039388	0.8735220494	
30.3150292526	83.8256409914	-83.3784438577	0.0030935035	0.0048163283	0.6634506391	0.7481981574	0.8821537135	
29.9148784897	83.8947061418	-83.3833127879	0.0031714723	0.0046479773	0.6634834952	0.7481697599	0.8873131940	
29.6409677467	83.8638444517	-83.3759378376	0.0029524762	0.0049079397	0.6634650281	0.7481853724	0.8814761626	
29.4138284296	83.8841127434	-83.3826239768	0.0028237870	0.0048112267	0.6634273190	0.7482199347	0.8771484861	
29.1821225986	83.8854558814	-83.3845332272	0.0026584896	0.0048299330	0.6634611720	0.7481904019	0.8792416578	
29.1218025813	83.8687821367	-83.3798841715	0.0024662391	0.0048269015	0.6634194556	0.7482280699	0.8813198730	
28.6443163873	83.9323065106	-83.3920487989	0.0024930864	0.0047109849	0.6635234564	0.7481364942	0.8720093624	
28.4092182646	83.9429441492	-83.3843696616	0.0023336840	0.0046799932	0.6634484104	0.7482037545	0.8848855315	
28.0977985896	83.9884233763	-83.3927789533	0.0022926741	0.0045281260	0.6633441183	0.7482972808	0.8786400917	
27.8303721948	83.9921825171	-83.3900972866	0.0022975826	0.0047049636	0.6633807935	0.7482636616	0.8668450111	
27.7007956641	83.9420764124	-83.3853432931	0.0018765951	0.0048184634	0.6633694910	0.7482741337	0.8812004384	
27.4563447202	83.9926693745	-83.3941586169	0.0019490308	0.0046798298	0.6634214413	0.7482287697	0.8693493785	
27.2136889853	83.9758008559	-83.3914709647	0.0016434447	0.0047134015	0.6634591349	0.7481958696	0.8695351258	
26.9746549039	83.9957785803	-83.3905254260	0.0014669806	0.0045887663	0.6634329656	0.7482202158	0.8870900236	
26.6586169868	84.8001900845	-83.5862761984	0.0055587544	0.0022128558	0.6635929035	0.7480699579	0.8487393994	
25.9047304369	84.7586528538	-83.5747448187	0.0049022076	0.0025330887	0.6636837636	0.7479929236	0.8618343569	
25.6321404528	84.7808789779	-83.5726824543	0.0049053020	0.0025859273	0.6636417359	0.7480300110	0.8832317375	
25.5328677354	84.8227535550	-83.5822332789	0.0051114107	0.0025089722	0.6636291449	0.7480400635	0.8678543724	
25.3234339553	84.8415832598	-83.5807999686	0.0049307641	0.0023864572	0.6635771557	0.7480877962	0.8500122365	
25.1088447392	84.8374545896	-83.5853904803	0.0047455102	0.0024057502	0.6635912426	0.7480764368	0.8414644845	
24.6461201472	84.8726375081	-83.5794375171	0.0046208030	0.0023988893	0.6637026892	0.7479783646	0.8514620855	
24.3215013034	84.8824507142	-83.5883994457	0.0044733773	0.0024341176	0.6636340522	0.7480400449	0.8447340045	
24.1445967610	84.9344786697	-83.5954397028	0.0046582977	0.0023343813	0.6635573756	0.7481072519	0.8470825024	
23.5758864947	84.9156158402	-83.5899773265	0.0042540524	0.0025737122	0.6636214667	0.7480520223	0.8512754004	
23.0020789929	85.1763199004	-83.6540316752	0.0065667720	0.0029661902	0.6633909543	0.7482382782	0.9576587006	
22.7041504903	85.1816107484	-83.6558285377	0.0069991601	0.0035595331	0.6632931061	0.7483185130	0.9492906649	
22.2472081244	85.2335598097	-83.6549040868	0.0067939061	0.0033613735	0.6633047915	0.7483109631	0.9486232456	
22.0161013524	85.1968998310	-83.6404661863	0.0064317995	0.0035216663	0.6632780866	0.7483370963	0.9575047679	
21.8216281600	85.1988666369	-83.6451165365	0.0064806415	0.0036858695	0.6632728099	0.7483405610	0.9785551373	
21.6076225422	85.2124533161	-83.6408032954	0.0062364695	0.0035361295	0.6633651250	0.7482615273	0.9430901874	
21.3397159835	85.2338581454	-83.6325130114	0.0066040495	0.0039549405	0.6632616604	0.7483479905	0.9742031284	
21.1244479347	85.2120633764	-83.6373491057	0.0062889846	0.0039986968	0.6631960408	0.7484086254	0.9528968111	
20.6958750600	85.2727341878	-83.6346970161	0.0060736771	0.0036955986	0.6632715148	0.7483450746	0.9481335972	
20.4303640156	85.2274150984	-83.6229657291	0.0058258323	0.0040516823	0.6632501624	0.7483641263	0.9676756356	
20.3748750657	85.1896111028	-83.6209182002	0.0055338040	0.0041030292	0.6632664196	0.7483516545	0.9617910720	
19.8332126837	85.2552872122	-83.6236788625	0.0058281244	0.0042942572	0.6631559048	0.7484462828	0.9506386183	
19.5226742612	85.2295733262	-83.6144344173	0.0055183563	0.0044799805	0.6631118828	0.7484865453	0.9583302978	
19.4273454212	85.2217455431	-83.6056861662	0.0051402319	0.0042687132	0.6631888929	0.7484222394	0.9590502977	
18.8038831696	85.2949754250	-83.6180255770	0.0052908479	0.0043368769	0.6631892405	0.7484204899	0.9564537480	
18.5669611662	85.3149714296	-83.6119412739	0.0052771150	0.0043675597	0.6631482479	0.7484567307	0.9634141251	
18.4363245572	85.3353577270	-83.6209146716	0.0052117351	0.0042256979	0.6632348725	0.7483812432	0.9683620390	
17.8154016558	85.3675887022	-83.5984519665	0.0052327447	0.0045412894	0.6633032218	0.7483186694	0.9437072724	
17.5993809395	85.2704950177	-83.5809849374	0.0046787762	0.0049497104	0.6632893324	0.7483320592	0.9707552623	
17.4339711381	85.3182217214	-83.5862583157	0.0049431012	0.0049609622	0.6633559361	0.7482712454	0.9693543725	
16.9608872049	85.3484570877	-83.5879462234	0.0046573553	0.0048491147	0.6634121667	0.7482239586	0.9692814816	
16.6439250129	85.2955792531	-83.5668441682	0.0047718000	0.0056112908	0.6635690965	0.7480787375	0.9485163353	
16.6565307527	85.3461620677	-83.5789829007	0.0046476761	0.0051035424	0.6635704719	0.7480819352	0.9571482325	
16.1606593652	85.3902955124	-83.5725067094	0.0046588023	0.0051587212	0.6635470820	0.7481022344	0.9485002179	
15.8830303713	85.3825312570	-83.5739738374	0.0043515781	0.0051590878	0.6636439161	0.7480181817	0.9588087201	
15.8309896347	85.3787785507	-83.5746423999	0.0041808366	0.0050718141	0.6636433677	0.7480202389	0.9598813467	
15.1970397985	85.3475636595	-83.5627662430	0.0039284935	0.0056139490	0.6636476458	0.7480139389	0.9506897414	
14.9896430290	85.3844255677	-83.5656702743	0.0038225195	0.0054043653	0.6636072124	0.7480519025	0.9695475213	
14.7835689147	85.4044681297	-83.5581225285	0.0039950405	0.0055716757	0.6635846777	0.7480697638	0.9508206444	
14.2401319771	85.3690522574	-83.5416320650	0.0037748335	0.0061133194	0.6636484092	0.7480101383	0.9460443836	
14.0509591365	85.3251709316	-83.5356700851	0.0032676563	0.0061187983	0.6636575182	0.7480043992	0.9685617648	
13.7549332232	85.4158357047	-83.5426038232	0.0035045758	0.0058886073	0.6636699334	0.7479941589	0.9504738329	
13.4651452897	85.3464868514	-83.5295587717	0.0030100347	0.0062283057	0.6636241281	0.7480342001	0.9549481478	
13.1680678534	85.3785952460	-83.5270786396	0.0032563368	0.0064299036	0.6636498146	0.7480086739	0.9510374386	
12.9968629650	85.3966629209	-83.5325716516	0.0029402740	0.0061140939	0.6637435070	0.7479294950	0.9324344811	
12.9771868052	85.4825893987	-83.5422651889	0.0030176951	0.0055598891	0.6637063422	0.7479664915	0.9425557181	
12.2646938807	85.4273201396	-83.5021965633	0.0030894936	0.0066666440	0.6636065128	0.7480457252	0.9341089148	
12.0860431905	85.4506403252	-83.5073487478	0.0028220029	0.0063605020	0.6635830731	0.7480702410	0.9371061586	
11.9117174044	85.3850527914	-83.5017549066	0.0024889271	0.0066891767	0.6636209938	0.7480349168	0.9534739871	
11.3119920254	85.4047317942	-83.4837158206	0.0022629751	0.0068079000	0.6636082204	0.7480458951	0.9189441502	
11.1499424140	85.4638499993	-83.4930639989	0.0023879370	0.0066208573	0.6635367252	0.7481106043	0.9406647487	
10.8379576016	85.4169805698	-83.4807803217	0.0018836072	0.0067643840	0.6636716507	0.7479910663	0.9409703817	
10.5252394682	85.4012721408	-83.4716251333	0.0018789937	0.0071301576	0.6635708976	0.7480770643	0.9505073456	
10.3607580388	85.3305717712	-83.4594324196	0.0014678268	0.0074434168	0.6636227800	0.7480289078	0.9338937383	
10.1585308216	85.3777077550	-83.4682833667	0.0013570335	0.0071198604	0.6636475231	0.7480103148	0.9385669781	
9.6668634226	85.4829627378	-83.4657183883	0.0015069394	0.0068708090	0.6635599058	0.7480900832	0.9219751200	
9.2557921167	85.4718241081	-83.4670999914	0.0013100949	0.0071219463	0.6635949248	0.7480570415	0.9431770146	
9.0515887407	85.4176827250	-83.4420645487	0.0011666391	0.0075726339	0.6636126112	0.7480371625	0.9266222762	
8.5849069312	85.4332299204	-83.4242264354	0.0008798094	0.0075797676	0.6635949853	0.7480531188	0.9289992843	
8.4420666406	85.4486853645	-83.4338978592	0.0007839356	0.0074790421	0.6635337140	0.7481085882	0.9138798919	
8.1708668702	85.5083324345	-83.4305629113	0.0009981168	0.0074321288	0.6635815101	0.7480664052	0.9171862900	
7.9253017473	85.4689273201	-83.4252461194	0.0006588105	0.0076557586	0.6635786722	0.7480670432	0.9182507889	
7.3896045682	85.4649864536	-83.4000417997	0.0004276282	0.0079285700	0.6636099013	0.7480366661	0.9388876436	
7.1567300142	85.4524036490	-83.3983234866	0.0002350631	0.0079854527	0.6636805362	0.7479734775	0.8984789890	
6.8432253989	85.4890560615	-83.4069118972	0.0000821887	0.0078969060	0.6635894345	0.7480552751	0.9055656306	
6.5889914043	85.4225921415	-83.3870261920	-0.0002966056	0.0082286237	0.6636731658	0.7479773598	0.9005491226	
6.2521861452	85.4432820603	-83.3819157420	-0.0004252042	0.0082268008	0.6637502211	0.7479089402	0.9060308493	
6.0336705884	85.4787806285	-83.3909243880	-0.0005094062	0.0080810884	0.6636965130	0.7479581373	0.9194331574	
5.9191988680	85.4711097523	-83.3746598911	-0.0004777444	0.0082953833	0.6636504665	0.7479966689	0.9087463015	
5.4473100885	85.4678669271	-83.3634696686	-0.0007854474	0.0084200631	0.6636852928	0.7479641152	0.9077648111	
5.0818863290	85.4868614274	-83.3548311993	-0.0007334046	0.0086369317	0.6637326579	0.7479196644	0.8974334947	
5.0051679438	85.5145594444	-83.3789957639	-0.0010681012	0.0082080826	0.6636482595	0.7479989800	0.9107505095	
4.4180651713	85.5225731231	-83.3552626558	-0.0011705366	0.0085428466	0.6636980423	0.7479509063	0.8813369786	
4.2031111707	85.5222390849	-83.3605809157	-0.0014212264	0.0085271670	0.6636796550	0.7479669665	0.9098380855	
4.0140196370	85.5673175450	-83.3505203626	-0.0012586434	0.0085361358	0.6636188071	0.7480211421	0.8905122487	
3.4613325736	85.5455297159	-83.3292392013	-0.0015693425	0.0088785330	0.6636840368	0.7479586941	0.8846837068	
3.2254057130	85.5184577299	-83.3271163952	-0.0018583773	0.0089961829	0.6637600232	0.7478891941	0.8820578470	
2.6457185407	87.2879921765	-83.7403425433	0.0068441754	0.0031926206	0.6633901700	0.7482355557	0.7646399674	
2.3788928422	87.2727548073	-83.7211472297	0.0066621058	0.0033796870	0.6634983058	0.7481404896	0.7644239273	
2.1984446199	87.3061774125	-83.7296511830	0.0067094663	0.0033431767	0.6634676628	0.7481674055	0.7486021941	
2.0059412269	87.1750391670	-83.7345300462	0.0057577075	0.0036118932	0.6635207811	0.7481269786	0.7602073178	
1.7666916800	87.2847396970	-83.7132612128	0.0064033628	0.0035670679	0.6634535066	0.7481816073	0.7607761354	
1.5363741255	87.2210777985	-83.7049486586	0.0059544348	0.0038497991	0.6634550825	0.7481825160	0.7705842794	
1.0456035409	87.2601576656	-83.6881925582	0.0059857994	0.0039769757	0.6635727449	0.7480772461	0.7606698362	
0.7783396344	87.3406161056	-83.6913806472	0.0062320738	0.0038246760	0.6634884261	0.7481508147	0.7157574644	
0.6915110462	87.2289819959	-83.6656235413	0.0057168118	0.0042798546	0.6635511089	0.7480968700	0.7395294830	
0.1270965425	87.3409490091	-83.6880112642	0.0057162073	0.0039179864	0.6634785257	0.7481632311	0.7565869329	
-0.1256117393	87.3761969085	-83.6874375151	0.0057144837	0.0038679964	0.6634759685	0.7481657721	0.7159363907	
-0.2791196221	87.3246432036	-83.6784812206	0.0053073136	0.0040540969	0.6634623667	0.7481798478	0.7561380354	
1.6707409476	87.9042162007	-84.0077246670	-0.0024838504	-0.0093226951	0.6631032930	0.7484657244	0.8005307540	
1.2375543356	87.9181366484	-83.9851842761	-0.0018757131	-0.0085020916	0.6630248332	0.7485467699	0.8279229216	
0.9279160384	87.8708715662	-83.9536857475	-0.0016359518	-0.0076393967	0.6631006967	0.7484894317	0.8360070400	
0.4717235849	87.8351601023	-83.9801803240	-0.0026569952	-0.0079246689	0.6632485353	0.7483525375	0.8454901800	
0.2018896591	87.9296153605	-84.0076712885	-0.0023724100	-0.0081348144	0.6630071660	0.7485650902	0.8347236440	
0.0695332961	87.8383345155	-83.9902167517	-0.0030224414	-0.0078726704	0.6629520340	0.7486143778	0.8413591050	
-0.3326726628	87.9926830754	-84.0132834097	-0.0030048994	-0.0087547443	0.6632129906	0.7483734723	0.8182132617	
-0.7260867067	87.9973160314	-84.0175500524	-0.0025039620	-0.0079984247	0.6630825341	0.7484993710	0.8187773786	
-0.6316875215	87.9832931421	-84.0780617869	-0.0043586193	-0.0096391253	0.6630399221	0.7485092861	0.8290190808	
-1.4512565078	88.0263199456	-83.9792702130	-0.0021238981	-0.0071918111	0.6629229180	0.7486500997	0.7963239364	
-1.2028349469	87.9483429581	-84.0360648596	-0.0037867735	-0.0083250868	0.6630286926	0.7485381127	0.8266152740	
-2.0384131849	87.9891488786	-83.9945418247	-0.0027055214	-0.0069678119	0.6630234433	0.7485613157	0.8008302674	
-2.0652091277	87.8530872862	-84.0024819576	-0.0042956647	-0.0073529412	0.6630721495	0.7485070515	0.8357065842	
-2.3622930456	87.9215258556	-84.0370660516	-0.0047374065	-0.0080787612	0.6631084572	0.7484647384	0.8135699406	
-2.8613176844	87.8806113368	-84.0213843030	-0.0045394940	-0.0071650238	0.6632177637	0.7483784159	0.8274778277	
-3.5419914543	87.8982167379	-83.9734169169	-0.0036751085	-0.0059706776	0.6632948034	0.7483253627	0.8346355818	
-3.5141306534	87.9545052678	-84.0464353026	-0.0046506829	-0.0072655967	0.6631179913	0.7484651708	0.8063049465	
-3.9428635278	87.8225015272	-84.0012988801	-0.0049384792	-0.0061432304	0.6631496697	0.7484453137	0.8387064710	
-4.0547977361	87.9599190798	-84.0294955536	-0.0049718857	-0.0071481574	0.6631382473	0.7484462901	0.8163272552	
-4.3912477980	87.9647229308	-84.0139306177	-0.0051038459	-0.0069583708	0.6630926742	0.7484875666	0.8123670183	
-4.7915374425	88.0468132671	-84.0166461696	-0.0042420940	-0.0064653946	0.6630893960	0.7485002713	0.7903172225	
-4.9024225730	88.0177994035	-84.0697870605	-0.0053737546	-0.0072362670	0.6631394141	0.7484416321	0.7989391088	
-5.2129299084	87.9256898747	-84.0336571231	-0.0056304612	-0.0064783877	0.6631414200	0.7484449114	0.8067897074	
-5.2077252161	87.9631599728	-84.0557073488	-0.0059121204	-0.0070222691	0.6630871092	0.7484859519	0.8031461276	
-5.7291532288	88.0568919206	-84.0670034030	-0.0057212863	-0.0071849391	0.6632400532	0.7483503694	0.7897369675	
-5.8229489831	88.1076972532	-84.1202775385	-0.0061734532	-0.0079342322	0.6632794416	0.7483042956	0.8018295430	
-6.2814118891	88.0194547824	-84.0957225686	-0.0065863705	-0.0072691568	0.6632830068	0.7483043712	0.8142005391	
-6.6012795635	88.0186170270	-84.0714770318	-0.0064827340	-0.0068836668	0.6633407987	0.7482576923	0.8206435814	
-6.7874943677	88.1151296830	-84.0793022841	-0.0061209579	-0.0071142585	0.6632853715	0.7483077155	0.7885484584	
-7.0108440058	88.1304675108	-84.1605247582	-0.0076740677	-0.0084891758	0.6632881045	0.7482766420	0.8204943202	
-7.4228023316	88.1292116036	-84.1269069278	-0.0071887034	-0.0076326066	0.6631514108	0.7484118333	0.8068933301	
-7.4763779908	87.9757513391	-84.1207741796	-0.0083297274	-0.0075066688	0.6633758164	0.7482023736	0.8279494308	
-7.8530586255	87.9853481916	-84.1796952365	-0.0092461334	-0.0081193501	0.6634617963	0.7481089693	0.8254177757	
-8.1098567261	88.0983085529	-84.2083085674	-0.0087787374	-0.0083574250	0.6633958024	0.7481704996	0.8185336962	
-8.5970644853	87.9967700819	-84.1266838485	-0.0084041545	-0.0067849762	0.6633574992	0.7482246738	0.8039765507	
-8.7963756019	88.1898250009	-84.1561038762	-0.0079546959	-0.0076825414	0.6632520914	0.7483143488	0.7656991258	
-8.6446199536	88.2055969194	-84.2115004704	-0.0087946657	-0.0088094116	0.6634810253	0.7480895516	0.7859686539	
-9.2055964753	88.1071862983	-84.2044298071	-0.0092796287	-0.0080323601	0.6636089691	0.7479789475	0.7820440978	
-9.3494183366	88.0416391125	-84.2228179541	-0.0100871362	-0.0081236411	0.6635544491	0.7480158750	0.8016644455	
-9.6871504037	88.1082433728	-84.2255089133	-0.0100680921	-0.0083065413	0.6635077338	0.7480555608	0.8052847348	
-9.7828640235	88.1871241253	-84.2894530828	-0.0105737852	-0.0093031882	0.6635209169	0.7480251590	0.7902463675	
-10.3187158620	88.1681821884	-84.2344104698	-0.0100298326	-0.0082217355	0.6636413856	0.7479384446	0.7863965370	
-10.2272669744	88.1818818983	-84.3269304626	-0.0113297045	-0.0096171690	0.6636809159	0.7478681633	0.8076070994	
-10.4437789123	88.2135748406	-84.2902703737	-0.0106987848	-0.0090901446	0.6636956679	0.7478709553	0.7857020199	
-11.0656397935	88.2366336047	-84.2703430190	-0.0107554319	-0.0087976049	0.6636823148	0.7478854911	0.7854632251	
-10.9864070336	88.2465329553	-84.3571658032	-0.0117873327	-0.0098848244	0.6637427453	0.7478027261	0.7606643736	
-11.4002060273	88.3081872650	-84.3642087172	-0.0116399668	-0.0098428110	0.6636857839	0.7478561430	0.7771063931	
-11.8254707949	88.2395314968	-84.2974659083	-0.0112604888	-0.0086489896	0.6638477937	0.7477329090	0.7662591338	
-12.0012468197	88.0911020811	-84.3189862307	-0.0126952667	-0.0087048277	0.6639299465	0.7476363302	0.7790219039	
-12.2232143758	88.1019308513	-84.3391442492	-0.0129511629	-0.0089137475	0.6641212765	0.7474595257	0.7666906882	
-12.6963651384	88.2024052708	-84.3207234758	-0.0121477494	-0.0085046284	0.6640481355	0.7475427595	0.7759008147	
-12.6518007874	88.1691652438	-84.3857219240	-0.0131319712	-0.0091860170	0.6640345509	0.7475301222	0.7674086373	
-12.6915062203	88.1882886301	-84.3865436776	-0.0132248662	-0.0093542118	0.6639969655	0.7475597845	0.7630631104	
-13.3382249501	88.2603697754	-84.3750691626	-0.0130043009	-0.0092164453	0.6641249950	0.7474516281	0.8022015952	
-13.4507276501	88.3006099526	-84.4439333476	-0.0136283397	-0.0099417055	0.6640075620	0.7475355433	0.7851817422	
-13.6215352102	88.3352852448	-84.4754561974	-0.0139215936	-0.0102670137	0.6639263942	0.7475978336	0.7837609798	
-13.6915934742	88.3491996734	-84.5268624752	-0.0145776406	-0.0108994598	0.6638386878	0.7476542588	0.7933958583	
-13.9458437088	88.3530903603	-84.4510945020	-0.0138916007	-0.0100406749	0.6638494911	0.7476697543	0.7710374556	
-14.3047155208	88.3893006902	-84.5417067393	-0.0149484552	-0.0110790367	0.6640057957	0.7474958875	0.7848530188	
-14.4994668582	88.2913917113	-84.5478249689	-0.0153302000	-0.0106068088	0.6641738975	0.7473456459	0.7934145406	
-14.7270547131	88.2785367200	-84.5499645533	-0.0158110175	-0.0107445022	0.6641785440	0.7473295318	0.8033070303	
-15.0787489579	88.2388488385	-84.5190326388	-0.0155995217	-0.0100049533	0.6642802843	0.7472538121	0.7690364718	
-15.3100595663	88.3029747444	-84.5610727488	-0.0159143058	-0.0105384438	0.6641724821	0.7473356610	0.7820752300	
-15.4243916490	88.3274140232	-84.6037671265	-0.0165405447	-0.0111983051	0.6641515203	0.7473310956	0.7770530395	
-15.4600122902	88.3508259180	-84.6299504044	-0.0167108266	-0.0114995064	0.6642102998	0.7472704914	0.7887488082	
-16.1133216990	88.2115900012	-84.5809117383	-0.0169119548	-0.0101181384	0.6643909742	0.7471253191	0.7586966679	
-16.2190289088	88.3028159574	-84.6557995442	-0.0172326677	-0.0110430690	0.6643155250	0.7471719809	0.7743266709	
