1522050348.4547233582	12
1522050348.6213028431	24
1522050348.6546990871	24
1522050348.7212491035	24
1522050348.7546041012	24
1522050348.8212101460	24
1522050348.8716263771	24
1522050348.9381968975	24
1522050349.0044426918	24
1522050349.0544281006	24
1522050349.1210505962	24
1522050349.1876816750	24
1522050349.2376832962	24
1522050349.2542755604	24
1522050349.3375847340	24
1522050349.3876185417	24
1522050349.4376678467	24
1522050349.4875173569	24
1522050349.5375378132	24
1522050349.6040539742	24
1522050349.6540265083	24
1522050349.7040162086	24
1522050349.7706246376	24
1522050349.8206369877	24
1522050349.8871972561	24
1522050349.9372410774	24
1522050349.9538409710	24
1522050350.0538315773	24
1522050350.1203961372	24
1522050350.1870515347	24
1522050350.2536358833	24
1522050350.3202707767	24
1522050350.3536531925	24
1522050350.4202876091	24
1522050350.4711356163	24
1522050350.5202035904	24
1522050350.5702157021	24
1522050350.6369507313	24
1522050350.6866955757	24
1522050350.7200047970	20
1522050350.8199684620	20
1522050350.9048168659	20
1522050350.9366090298	20
1522050351.0032491684	20
1522050351.0532672405	20
1522050351.0698025227	20
1522050351.1698255539	20
1522050351.2197191715	20
1522050351.2363874912	20
1522050351.3363349438	20
1522050351.4029841423	20
1522050351.4362249374	20
1522050351.5528862476	20
1522050351.5695176125	20
1522050351.6863162518	20
1522050351.7361116409	20
1522050351.7694382668	20
1522050351.9026634693	20
1522050351.9859011173	20
1522050352.0525531769	20
1522050352.1025643349	20
1522050352.1191434860	20
1522050352.2524662018	20
1522050352.3024125099	20
1522050352.3856732845	20
1522050352.4356644154	20
1522050352.4689633846	20
1522050352.5856008530	20
1522050352.6355800629	20
1522050352.6688141823	20
1522050352.7855043411	20
1522050352.8354868889	20
1522050352.8687276840	20
1522050353.0019540787	20
1522050353.0519413948	20
1522050353.0686235428	20
1522050353.1685931683	20
1522050353.2354331017	20
1522050353.2684569359	20
1522050353.3851573467	20
1522050353.4518089294	20
1522050353.4684293270	20
1522050353.5850322247	20
1522050353.6351733208	20
1522050353.6683316231	20
1522050353.8015363216	24
1522050353.8521595001	24
1522050353.8680880070	24
1522050354.0013291836	24
1522050354.0513122082	24
1522050354.0679519176	24
1522050354.1846375465	24
1522050354.2345376015	24
1522050354.2845976353	24
1522050354.3345649242	24
1522050354.3511896133	24
1522050354.4844419956	24
1522050354.5344233513	24
1522050354.5510327816	24
1522050354.6509888172	24
1522050354.7012717724	24
1522050354.7675683498	24
1522050354.8341529369	24
1522050354.9007844925	24
1522050354.9840476513	24
1522050355.0343897343	24
1522050355.0840845108	24
1522050355.1342976093	24
1522050355.1506323814	24
1522050355.2675466537	24
1522050355.3172254562	24
1522050355.3505470753	24
1522050355.4671225548	24
1522050355.5170738697	24
1522050355.5503933430	24
1522050355.6671078205	24
1522050355.7169225216	24
1522050355.7502894402	24
1522050355.8669550419	24
1522050355.9336490631	24
1522050355.9501841068	24
1522050356.0667896271	24
1522050356.1167285442	24
1522050356.1500253677	24
1522050356.2666270733	24
1522050356.3000104427	24
1522050356.3833673000	24
1522050356.4664971828	24
1522050356.5331568718	24
1522050356.5997655392	24
1522050356.6330609322	24
1522050356.7330594063	20
1522050356.7830257416	20
1522050356.7996680737	20
1522050356.8662850857	20
1522050356.9662847519	20
1522050357.0162100792	20
1522050357.0494852066	20
1522050357.0995252132	20
1522050357.1494956017	20
1522050357.2495131493	20
1522050357.2993056774	20
1522050357.3159801960	20
1522050357.4492785931	20
1522050357.4991912842	20
1522050357.5324831009	20
1522050357.5824952126	20
1522050357.6824505329	20
1522050357.7324194908	20
1522050357.7490539551	20
1522050357.8823535442	20
1522050357.9323065281	20
1522050357.9490129948	20
1522050358.0656025410	20
1522050358.1155526638	20
1522050358.1491985321	20
1522050358.2654347420	16
1522050358.2987899780	20
1522050358.3654112816	20
1522050358.4155268669	20
1522050358.4319548607	20
1522050358.5319709778	16
1522050358.5818791389	16
1522050358.6486294270	16
1522050358.6987323761	16
1522050358.7317781448	16
1522050358.8650553226	16
1522050358.9150416851	16
1522050358.9482834339	16
1522050359.0649220943	16
1522050359.1149070263	16
1522050359.1648848057	16
1522050359.2315657139	16
1522050359.2815046310	16
1522050359.3314619064	16
1522050359.3480720520	16
1522050359.4814164639	16
1522050359.5312690735	16
1522050359.5479552746	16
1522050359.6645531654	16
1522050359.6978752613	16
1522050359.7645568848	16
1522050359.8144655228	16
1522050359.8311109543	16
1522050359.9477293491	12
1522050359.9976506233	12
1522050360.0310206413	12
1522050360.1475825310	12
1522050360.1975879669	16
1522050360.2308316231	16
1522050360.3474361897	16
1522050360.4142427444	16
1522050360.4307239056	16
1522050360.5639731884	16
1522050360.6139740944	16
1522050360.6305811405	16
1522050360.7472891808	16
1522050360.7806589603	16
1522050360.8639197350	16
1522050360.9137756824	16
1522050360.9303944111	20
1522050360.9804275036	20
1522050361.0303776264	20
1522050361.1304025650	20
1522050361.1813240051	20
1522050361.2469837666	20
1522050361.2969675064	20
1522050361.3301699162	20
1522050361.3801686764	20
1522050361.4301483631	20
1522050361.5301792622	20
1522050361.5966858864	20
1522050361.6299660206	20
1522050361.7467253208	20
1522050361.7967166901	20
1522050361.8298480511	20
1522050361.9464685917	20
1522050361.9964303970	20
1522050362.0297083855	20
1522050362.1463301182	20
1522050362.1963360310	20
1522050362.2295892239	20
1522050362.3462307453	20
1522050362.4128484726	20
1522050362.4295837879	20
1522050362.5460927486	20
1522050362.6293940544	20
1522050362.6960911751	20
1522050362.7459914684	20
1522050362.8126146793	24
1522050362.8626093864	24
1522050362.9292416573	24
1522050362.9791855812	24
1522050363.0124411583	24
1522050363.0626742840	24
1522050363.0957806110	24
1522050363.1457762718	24
1522050363.2457342148	24
1522050363.2963082790	24
1522050363.3289380074	24
1522050363.3788909912	24
1522050363.4455862045	24
1522050363.4789891243	24
1522050363.5290415287	24
1522050363.5962073803	20
1522050363.6954300404	20
1522050363.7120399475	20
1522050363.8620874882	20
1522050363.9119081497	20
1522050363.9285407066	20
1522050364.0618386269	20
1522050364.1118171215	20
1522050364.1784718037	20
1522050364.2450630665	20
1522050364.2783589363	20
1522050364.3951086998	20
1522050364.4283566475	20
1522050364.5282423496	20
1522050364.5948338509	20
1522050364.6448302269	20
1522050364.6948325634	20
1522050364.7114162445	20
1522050364.8447222710	20
1522050364.8946855068	20
1522050364.9113068581	20
1522050365.0612208843	20
1522050365.1114056110	20
1522050365.1613373756	20
1522050365.2112631798	20
1522050365.2278037071	20
1522050365.3444967270	20
1522050365.3944382668	20
1522050365.4112460613	20
1522050365.4609727859	20
1522050365.5109355450	20
1522050365.5613331795	20
1522050365.6275393963	20
1522050365.7275409698	20
1522050365.7776434422	20
1522050365.8107631207	20
1522050365.8607983589	20
1522050365.9106657505	20
1522050366.0112118721	20
1522050366.0610861778	20
1522050366.1272563934	20
1522050366.1772170067	20
1522050366.2105219364	20
1522050366.2605676651	20
1522050366.3108661175	20
1522050366.4105570316	20
1522050366.4769849777	20
1522050366.5103154182	20
1522050366.6274895668	20
1522050366.6768729687	20
1522050366.7102124691	20
1522050366.8435068130	20
1522050366.9100961685	20
1522050366.9267227650	20
1522050367.0101518631	20
1522050367.0600590706	20
1522050367.1101298332	20
1522050367.2099456787	20
1522050367.2599322796	20
1522050367.3265383244	20
1522050367.3764965534	20
1522050367.4097497463	20
1522050367.4597318172	20
1522050367.4931437969	20
1522050367.6096575260	20
1522050367.6596834660	20
1522050367.7262723446	20
1522050367.8095960617	20
1522050367.8428287506	20
1522050367.9438445568	20
1522050368.0260832310	20
1522050368.0760889053	20
1522050368.1093494892	20
1522050368.2426598072	20
1522050368.2925894260	20
1522050368.3758573532	20
1522050368.4258666039	20
1522050368.4924552441	20
1522050368.5438697338	20
1522050368.6256914139	20
1522050368.6590552330	20
1522050368.7262227535	20
1522050368.7756290436	20
1522050368.7923581600	20
1522050368.9088327885	20
1522050368.9593725204	20
1522050368.9921696186	20
1522050369.0921151638	20
1522050369.1420831680	20
1522050369.2253177166	20
1522050369.2586765289	20
1522050369.2919726372	20
1522050369.4085564613	20
1522050369.4585683346	20
1522050369.5251488686	20
1522050369.5917680264	20
1522050369.6589777470	20
1522050369.7084202766	20
1522050369.7751052380	20
1522050369.8250260353	20
1522050369.8940498829	20
1522050369.9439802170	20
1522050370.0248036385	20
1522050370.0748138428	20
1522050370.1248404980	20
1522050370.1748170853	20
1522050370.1914103031	20
1522050370.2913815975	20
1522050370.3579673767	20
1522050370.3912670612	20
1522050370.5079131126	20
1522050370.5579538345	20
1522050370.5911717415	20
1522050370.6912517548	20
1522050370.7577714920	20
1522050370.7910830975	20
1522050370.9077024460	20
1522050370.9742531776	20
1522050370.9912223816	20
1522050371.1075870991	20
1522050371.1599986553	20
1522050371.1907749176	20
1522050371.3074073792	20
1522050371.3575158119	20
1522050371.3906500340	20
1522050371.5073533058	20
1522050371.5572478771	20
1522050371.5905234814	20
1522050371.7071664333	20
1522050371.7738087177	20
1522050371.7903985977	20
1522050371.9237611294	20
1522050371.9904654026	20
1522050372.0568952560	20
1522050372.1070039272	20
1522050372.1235167980	20
1522050372.2401523590	20
1522050372.2901563644	20
1522050372.3067502975	20
1522050372.4234385490	20
1522050372.4735395908	20
1522050372.5233349800	20
1522050372.5899412632	20
1522050372.6565613747	20
1522050372.6900835037	20
1522050372.7064933777	20
1522050372.8397808075	20
1522050372.8897855282	20
1522050372.9063630104	20
1522050373.0230281353	20
1522050373.0730192661	16
1522050373.1233718395	16
1522050373.1896076202	16
1522050373.2562346458	16
1522050373.3061363697	16
1522050373.3227765560	16
1522050373.3896663189	16
1522050373.4894590378	16
1522050373.5393097401	16
1522050373.5726444721	16
1522050373.6226177216	16
1522050373.6725919247	16
1522050373.7062649727	16
1522050373.8058509827	16
1522050373.8724944592	16
1522050373.8891620636	16
1522050373.9390921593	16
1522050374.0557484627	16
1522050374.1056537628	16
1522050374.1222982407	16
1522050374.2389388084	16
1522050374.3055677414	16
1522050374.3221542835	16
1522050374.3888151646	16
1522050374.4888234138	16
1522050374.5387763977	16
1522050374.5720191002	16
1522050374.6220805645	16
1522050374.6720111370	16
1522050374.7719910145	16
1522050374.8219478130	16
1522050374.9052290916	16
1522050374.9576380253	16
1522050374.9884190559	16
1522050375.1050381660	16
1522050375.1552431583	16
1522050375.1883127689	16
1522050375.3049094677	16
1522050375.3548779488	16
1522050375.3715615273	16
1522050375.4216749668	16
1522050375.4715549946	16
1522050375.5214729309	16
1522050375.5881028175	16
1522050375.6879935265	20
1522050375.7383730412	20
1522050375.7713103294	20
1522050375.8213012218	20
1522050375.9212307930	20
1522050375.9878151417	20
1522050376.0547010899	20
1522050376.1044054031	20
1522050376.1210453510	20
1522050376.1876821518	24
1522050376.2876942158	24
1522050376.3376691341	24
1522050376.3709561825	24
1522050376.4213213921	24
1522050376.4708483219	24
1522050376.5708281994	24
1522050376.6208176613	24
1522050376.6375224590	24
1522050376.7040164471	24
1522050376.8039951324	24
1522050376.8539862633	24
1522050376.8714752197	24
1522050377.0038499832	24
1522050377.0538566113	24
1522050377.0704917908	24
1522050377.2037739754	24
1522050377.2538747787	24
1522050377.2703754902	24
1522050377.3870134354	24
1522050377.4537043571	24
1522050377.4702527523	24
1522050377.5868761539	24
1522050377.6535406113	24
1522050377.6701245308	24
1522050377.8200399876	24
1522050377.8700461388	28
1522050377.9366819859	28
1522050378.0033195019	28
1522050378.0365574360	28
1522050378.1365530491	28
1522050378.1531817913	28
1522050378.2697863579	32
1522050378.3197679520	32
1522050378.3530347347	32
1522050378.4697268009	32
1522050378.5196788311	32
1522050378.5529310703	32
1522050378.6529321671	32
1522050378.7028586864	32
1522050378.7695443630	32
1522050378.8363428116	32
1522050378.8694126606	32
1522050378.9860134125	32
1522050379.0528347492	32
1522050379.0692415237	32
1522050379.1692638397	32
1522050379.2358288765	32
1522050379.2691245079	32
1522050379.3857069016	28
1522050379.4357047081	28
1522050379.4690136909	28
1522050379.5855996609	24
1522050379.6355946064	24
1522050379.6688733101	24
1522050379.7855548859	24
1522050379.8521358967	20
1522050379.8687264919	20
1522050380.0019898415	20
1522050380.0520720482	20
1522050380.0686488152	20
1522050380.1852688789	20
1522050380.2352035046	20
1522050380.2684795856	20
1522050380.3851473331	20
1522050380.4519236088	20
1522050380.4685268402	20
1522050380.5849940777	20
1522050380.6350324154	20
1522050380.6682882309	20
1522050380.7848610878	20
1522050380.8354890347	20
1522050380.8681182861	20
1522050380.9848361015	20
1522050381.0347294807	20
1522050381.0513648987	20
1522050381.1013367176	20
1522050381.1513059139	20
1522050381.2513337135	20
1522050381.3012611866	20
1522050381.3844687939	20
1522050381.4510998726	20
1522050381.4679260254	20
1522050381.6010553837	20
1522050381.6509830952	20
1522050381.6676733494	20
1522050381.7842783928	20
1522050381.8520731926	20
1522050381.8675608635	20
1522050382.0175035000	20
1522050382.0673923492	20
1522050382.1340601444	20
1522050382.1840240955	20
1522050382.2513318062	20
1522050382.3006331921	20
1522050382.3838918209	20
1522050382.4338946342	20
1522050382.4838874340	20
1522050382.5338559151	20
1522050382.5505111217	20
1522050382.6670637131	16
1522050382.7170262337	16
1522050382.7503681183	16
1522050382.9001870155	16
1522050382.9502062798	16
1522050383.0168483257	16
1522050383.0668277740	16
1522050383.1334512234	16
1522050383.1834716797	16
1522050383.2500631809	16
1522050383.3000228405	16
1522050383.3832926750	16
1522050383.4333062172	16
1522050383.4832298756	16
1522050383.5332472324	16
1522050383.5498354435	16
1522050383.6664857864	16
1522050383.7164871693	16
1522050383.7497396469	16
1522050383.8663659096	16
1522050383.9162955284	16
1522050383.9496104717	16
1522050384.0829370022	16
1522050384.1328372955	16
1522050384.1495585442	16
1522050384.2660098076	16
1522050384.3160448074	16
1522050384.3493349552	16
1522050384.4826965332	16
1522050384.5326189995	16
1522050384.5492258072	16
1522050384.6658658981	16
1522050384.7157607079	16
1522050384.7491204739	16
1522050384.8658900261	16
1522050384.9323968887	16
1522050384.9656209946	16
1522050385.0655899048	16
1522050385.1322238445	16
1522050385.1822440624	16
1522050385.2488117218	16
1522050385.2987778187	16
1522050385.3654913902	16
1522050385.4155049324	16
1522050385.4320867062	16
1522050385.5320084095	16
1522050385.5819523335	16
1522050385.6486978531	16
1522050385.6986682415	16
1522050385.7651975155	16
1522050385.8318176270	16
1522050385.8988194466	16
1522050385.9486100674	16
1522050386.0150516033	16
1522050386.0815780163	16
1522050386.1149511337	16
1522050386.2315318584	16
1522050386.2815310955	12
1522050386.3147881031	12
1522050386.4314286709	12
1522050386.4814693928	12
1522050386.5146689415	12
1522050386.6146163940	12
1522050386.6646459103	12
1522050386.7313709259	12
1522050386.7812333107	12
1522050386.8480768204	12
1522050386.9144611359	12
1522050387.0143492222	12
1522050387.0809571743	12
1522050387.1143059731	12
1522050387.2309195995	12
1522050387.2813210487	12
1522050387.3141856194	12
1522050387.4141945839	12
1522050387.4642167091	12
1522050387.5307996273	12
1522050387.5974640846	12
1522050387.6306557655	12
1522050387.7473318577	12
1522050387.7972528934	12
1522050387.8305196762	12
1522050387.9471435547	12
1522050388.0138785839	12
1522050388.0304124355	12
1522050388.1470777988	12
1522050388.1974353790	12
1522050388.2302818298	12
1522050388.3469018936	12
1522050388.3968887329	12
1522050388.4301381111	12
1522050388.5467205048	12
1522050388.5967576504	12
1522050388.6300194263	12
1522050388.7466273308	12
1522050388.7966191769	12
1522050388.8299036026	12
1522050388.9486219883	12
1522050388.9965484142	12
1522050389.0309348106	12
1522050389.1297724247	12
1522050389.1797506809	12
1522050389.2630050182	12
1522050389.3138000965	12
1522050389.3296124935	12
1522050389.3796339035	12
1522050389.4961636066	12
1522050389.5462226868	12
1522050389.5627868176	12
1522050389.6294703484	12
1522050389.6793742180	12
1522050389.7127499580	12
1522050389.8459570408	12
1522050389.8959808350	12
1522050389.9292292595	12
1522050389.9791998863	12
1522050390.0292582512	12
1522050390.1295528412	12
1522050390.1791646481	12
1522050390.2457463741	16
1522050390.2956936359	16
1522050390.3123214245	16
1522050390.4289262295	16
1522050390.4789600372	16
1522050390.5122399330	16
1522050390.6288099289	16
1522050390.6787807941	16
1522050390.7120821476	16
1522050390.8621654510	16
1522050390.9124443531	16
1522050390.9287211895	16
1522050390.9788947105	16
1522050391.0286035538	16
1522050391.1286039352	16
1522050391.1784970760	16
1522050391.2451136112	16
1522050391.2950987816	16
1522050391.3117036819	16
1522050391.4449641705	16
1522050391.4785110950	16
1522050391.5116393566	16
1522050391.6284666061	16
1522050391.6784977913	16
1522050391.7114946842	16
1522050391.8117229939	16
1522050391.8616216183	16
1522050391.8780109882	16
1522050391.9280316830	16
1522050391.9946360588	16
1522050392.0614838600	16
1522050392.0946106911	16
1522050392.1445913315	16
1522050392.1954386234	16
1522050392.2444891930	16
1522050392.2944476604	16
1522050392.3443920612	16
1522050392.4443919659	16
1522050392.4949805737	16
1522050392.5110197067	16
1522050392.6275811195	16
1522050392.6776447296	16
1522050392.7108361721	16
1522050392.8108603954	16
1522050392.8681507111	16
1522050392.9447505474	16
1522050392.9939918518	16
1522050393.0442838669	16
1522050393.0941109657	16
1522050393.1105976105	16
1522050393.2273182869	16
1522050393.2605988979	16
1522050393.3272132874	16
1522050393.3771979809	16
1522050393.4104416370	16
1522050393.4605035782	16
1522050393.5103979111	16
1522050393.5603239536	16
1522050393.6438963413	16
1522050393.6769564152	16
1522050393.7435889244	16
1522050393.8435418606	16
1522050393.9101026058	16
1522050393.9267678261	16
1522050394.0436208248	16
1522050394.0934164524	16
1522050394.1099886894	16
1522050394.2266023159	16
1522050394.2766003609	16
1522050394.3098785877	16
1522050394.4264700413	16
1522050394.4765145779	16
1522050394.5097589493	16
1522050394.6263432503	20
1522050394.6764912605	20
1522050394.7096483707	20
1522050394.8262026310	20
1522050394.8761928082	20
1522050394.9095277786	20
1522050395.0427339077	20
1522050395.0761103630	20
1522050395.1094284058	20
1522050395.2261028290	20
1522050395.2763748169	20
1522050395.3092358112	20
1522050395.4425051212	20
1522050395.4925167561	20
1522050395.5091018677	20
1522050395.6425020695	20
1522050395.6769804955	20
1522050395.7089941502	20
1522050395.8256306648	20
1522050395.8922405243	20
1522050395.9088613987	20
1522050396.0255620480	20
1522050396.0755355358	20
1522050396.1087682247	20
1522050396.2420549393	16
1522050396.2920155525	16
1522050396.3087239265	16
1522050396.4262139797	16
1522050396.4752874374	16
1522050396.5085389614	16
1522050396.6417441368	16
1522050396.6917276382	16
1522050396.7083733082	16
1522050396.8583943844	20
1522050396.9082891941	20
1522050396.9249353409	20
1522050396.9918835163	20
1522050397.0915462971	20
1522050397.1249022484	20
1522050397.1580972672	20
1522050397.2746930122	20
1522050397.3247237206	20
1522050397.3763244152	20
1522050397.3914108276	20
1522050397.5079417229	20
1522050397.5578556061	20
1522050397.5911679268	20
1522050397.7078974247	20
1522050397.7580368519	20
1522050397.7910733223	20
1522050397.9076828957	20
1522050397.9576201439	20
1522050397.9909453392	20
1522050398.0909099579	20
1522050398.1408617496	20
1522050398.2242136002	20
1522050398.2743051052	20
1522050398.3407723904	20
1522050398.4073278904	20
1522050398.4575431347	20
1522050398.5073227882	20
1522050398.5239400864	20
1522050398.6571850777	20
1522050398.6905617714	20
1522050398.7572627068	20
1522050398.8071255684	20
1522050398.8575921059	20
1522050398.9071080685	20
1522050398.9236981869	20
1522050399.0569286346	20
1522050399.1069891453	20
1522050399.1235635281	20
1522050399.2401630878	20
1522050399.2735857964	20
1522050399.2902007103	20
1522050399.3901340961	20
1522050399.4566569328	20
1522050399.4899840355	20
1522050399.6065931320	20
1522050399.6574735641	20
1522050399.6898670197	20
1522050399.8231437206	20
1522050399.8899400234	20
1522050399.9564230442	20
1522050400.0063686371	20
1522050400.0569071770	20
1522050400.0896334648	20
1522050400.2062375546	20
1522050400.2561986446	20
1522050400.2895212173	20
1522050400.3894877434	20
1522050400.4400029182	20
1522050400.5061151981	20
1522050400.5565130711	20
1522050400.6227295399	20
1522050400.6560368538	20
1522050400.6892721653	20
1522050400.8059213161	20
1522050400.8569185734	20
1522050400.8891046047	20
1522050401.0223865509	20
1522050401.0723714828	20
1522050401.0890214443	20
1522050401.2056465149	20
1522050401.2556834221	20
1522050401.2889001369	20
1522050401.3889479637	20
1522050401.4390130043	20
1522050401.4891977310	20
1522050401.5554265976	20
1522050401.6221418381	20
1522050401.6554515362	20
1522050401.7554016113	20
1522050401.7719497681	20
1522050401.8720335960	20
1522050401.9219164848	20
1522050401.9886574745	20
1522050402.0050983429	20
1522050402.1051726341	20
1522050402.1551537514	20
1522050402.1717083454	20
1522050402.2716321945	20
1522050402.3049495220	20
1522050402.3216385841	20
1522050402.3882250786	20
1522050402.5048408508	20
1522050402.5547873974	20
1522050402.5714762211	20
1522050402.6714413166	20
1522050402.7218482494	20
1522050402.7880566120	20
1522050402.8046274185	20
1522050402.9046306610	20
1522050402.9546792507	20
1522050402.9714138508	20
1522050403.0711469650	20
1522050403.1211228371	20
1522050403.1878538132	20
1522050403.2044053078	20
1522050403.3043730259	20
1522050403.3714101315	20
1522050403.3876249790	20
1522050403.4402716160	20
1522050403.5375297070	20
1522050403.5876371861	20
1522050403.6041798592	20
1522050403.7040977478	20
1522050403.7706949711	20
1522050403.8206748962	20
1522050403.8540177345	20
1522050403.9543442726	20
1522050404.0205581188	20
1522050404.0538282394	20
1522050404.1371622086	20
1522050404.2038486004	20
1522050404.2538344860	24
1522050404.3042747974	24
1522050404.3703453541	24
1522050404.4203748703	24
1522050404.4536497593	24
1522050404.5535733700	24
1522050404.6036112309	24
1522050404.6701402664	24
1522050404.6867673397	24
1522050404.7868440151	24
1522050404.8537738323	24
1522050404.8700187206	24
1522050404.9700212479	24
1522050405.0366942883	24
1522050405.0865204334	24
1522050405.1365685463	24
1522050405.1698565483	24
1522050405.2698085308	24
1522050405.3197999001	24
1522050405.3697059155	24
1522050405.4197473526	24
1522050405.4864828587	24
1522050405.5363187790	24
1522050405.5696008205	24
1522050405.6699955463	24
1522050405.7195260525	24
1522050405.7695956230	24
1522050405.8361141682	24
1522050405.8861057758	24
1522050405.9360294342	24
1522050405.9693713188	24
1522050406.0693268776	24
1522050406.1194503307	24
1522050406.2193176746	24
1522050406.2525477409	24
1522050406.3025465012	24
1522050406.3525159359	24
1522050406.3690929413	24
1522050406.4690835476	24
1522050406.5189867020	24
1522050406.5864090919	24
1522050406.6522774696	24
1522050406.6689350605	24
1522050406.7855358124	24
1522050406.8521375656	24
1522050406.8688020706	24
1522050406.9687471390	24
1522050407.0354003906	24
1522050407.0853898525	24
1522050407.1354825497	24
1522050407.1685926914	24
1522050407.2688305378	24
1522050407.3185310364	24
1522050407.3851850033	24
1522050407.4518108368	24
1522050407.5017840862	24
1522050407.5683846474	24
1522050407.6349821091	24
1522050407.6850137711	24
1522050407.7349481583	24
1522050407.7515947819	24
1522050407.8682062626	24
1522050407.9182357788	24
1522050407.9847831726	24
1522050408.0347683430	24
1522050408.0513739586	24
1522050408.1347756386	24
1522050408.1513540745	24
1522050408.2512719631	24
1522050408.3012712002	24
1522050408.3512394428	24
1522050408.3681116104	24
1522050408.4678537846	24
1522050408.5178012848	24
1522050408.5678191185	24
1522050408.6344678402	24
1522050408.6677484512	24
1522050408.6843466759	24
1522050408.7842996120	24
1522050408.8508892059	24
1522050408.9175422192	24
1522050408.9675264359	24
1522050409.0342764854	24
1522050409.0840775967	24
1522050409.1342439651	24
1522050409.1840972900	24
1522050409.2343838215	24
1522050409.2506709099	24
1522050409.3505849838	24
1522050409.4005842209	24
1522050409.4505751133	24
1522050409.5005586147	24
1522050409.5671646595	24
1522050409.6171076298	24
1522050409.6504116058	24
1522050409.7504804134	24
1522050409.8169989586	24
1522050409.8503079414	24
1522050409.9051668644	24
1522050410.0169327259	24
1522050410.0669422150	24
1522050410.0834631920	24
1522050410.1501948833	24
1522050410.2500650883	24
1522050410.3000879288	24
1522050410.3666806221	24
1522050410.4333398342	24
1522050410.4833238125	24
1522050410.5499043465	24
1522050410.5665118694	24
1522050410.6332299709	24
1522050410.6831727028	24
1522050410.7830483913	24
1522050410.8354215622	24
1522050410.8501102924	24
1522050410.9663410187	24
1522050411.0331804752	24
1522050411.0495545864	24
1522050411.1496601105	24
1522050411.2161445618	24
1522050411.2495117188	24
1522050411.3495044708	24
1522050411.4159939289	24
1522050411.4492926598	24
1522050411.5493028164	24
1522050411.6158478260	24
1522050411.6491794586	24
1522050411.7492957115	24
1522050411.7991180420	24
1522050411.8658404350	24
1522050411.9162399769	24
1522050411.9823336601	24
1522050412.0323207378	24
1522050412.0491552353	24
1522050412.1322507858	24
1522050412.1488907337	24
1522050412.1989614964	24
1522050412.2987668514	24
1522050412.3322069645	24
1522050412.3489000797	24
1522050412.3991725445	24
1522050412.4996411800	24
1522050412.5486567020	24
1522050412.5652794838	24
1522050412.6652829647	24
1522050412.7155222893	24
1522050412.7318551540	24
1522050412.7818315029	24
1522050412.8984375000	24
1522050412.9484167099	24
1522050412.9650292397	24
1522050413.0650095940	24
1522050413.1315772533	24
1522050413.1982901096	24
1522050413.2653114796	24
1522050413.3148493767	24
1522050413.3314468861	24
1522050413.3982846737	24
1522050413.4981772900	24
1522050413.5480387211	24
1522050413.5813174248	24
1522050413.6646595001	24
1522050413.6978940964	24
1522050413.7980837822	24
1522050413.8647232056	24
1522050413.9311468601	24
1522050413.9810762405	24
1522050414.0144145489	24
1522050414.1143448353	24
1522050414.1810088158	20
1522050414.2142431736	20
1522050414.3142023087	20
1522050414.3641898632	20
1522050414.4308004379	20
1522050414.4641828537	20
1522050414.4974834919	20
1522050414.6141378880	20
1522050414.6640684605	20
1522050414.7141017914	20
1522050414.7305951118	20
1522050414.8654437065	20
1522050414.9138770103	20
1522050414.9304811954	20
1522050415.0639209747	20
1522050415.1137001514	20
1522050415.1303651333	20
1522050415.1815581322	20
1522050415.2969079018	20
1522050415.3468999863	20
1522050415.3802025318	20
1522050415.4803421497	20
1522050415.5301744938	20
1522050415.5967164040	20
1522050415.6466960907	20
1522050415.6967036724	20
1522050415.7299852371	20
1522050415.7966055870	20
1522050415.8966403008	20
1522050415.9466187954	20
1522050415.9798598289	20
1522050416.0798039436	20
1522050416.1631789207	20
1522050416.2130820751	20
1522050416.2296924591	20
1522050416.2796545029	20
1522050416.3962988853	20
1522050416.4464163780	20
1522050416.4962067604	20
1522050416.5295307636	20
1522050416.6295647621	20
1522050416.6794216633	20
1522050416.7460286617	20
1522050416.8126883507	20
1522050416.8793382645	24
1522050416.9459574223	24
1522050417.0125720501	24
1522050417.0625650883	24
1522050417.0957975388	24
1522050417.1957323551	24
1522050417.2123844624	24
1522050417.3123416901	24
1522050417.3623831272	24
1522050417.4289629459	24
1522050417.4789876938	24
1522050417.5455350876	24
1522050417.6288940907	24
1522050417.6455137730	24
1522050417.7466554642	24
1522050417.7954206467	24
1522050417.8120524883	24
1522050417.9120376110	24
1522050417.9786353111	24
1522050418.0119099617	24
1522050418.1120896339	24
1522050418.1618349552	24
1522050418.2284710407	24
1522050418.2784399986	24
1522050418.3450365067	24
1522050418.3950326443	24
1522050418.4117054939	24
1522050418.5117564201	24
1522050418.5615983009	24
1522050418.6282315254	24
1522050418.6782193184	24
1522050418.6948142052	24
1522050418.8280913830	24
1522050418.8781113625	24
1522050418.9446604252	24
1522050418.9946501255	24
1522050419.0113270283	24
1522050419.1112782955	24
1522050419.1612522602	24
1522050419.2279596329	24
1522050419.2779624462	24
1522050419.3444991112	24
1522050419.4110713005	24
1522050419.4610562325	24
1522050419.4776675701	24
1522050419.4943182468	24
1522050419.6608870029	24
1522050419.7108728886	24
1522050419.7275128365	24
1522050419.7941737175	24
1522050419.8941328526	24
1522050419.9107375145	24
1522050419.9607138634	24
1522050420.0606336594	20
1522050420.1106150150	20
1522050420.1272718906	20
1522050420.2272493839	20
1522050420.2771768570	20
1522050420.3437695503	20
1522050420.4271457195	20
1522050420.4603919983	20
1522050420.5436964035	20
1522050420.5769960880	20
1522050420.6769440174	20
1522050420.7435386181	20
1522050420.7936613560	20
1522050420.8102490902	20
1522050420.9104678631	20
1522050420.9601254463	20
1522050421.0269041061	20
1522050421.0768382549	20
1522050421.1433689594	20
1522050421.2100634575	20
1522050421.2765715122	20
1522050421.3099195957	20
1522050421.3265254498	20
1522050421.4431362152	20
1522050421.4764904976	20
1522050421.5456781387	20
1522050421.5931732655	20
1522050421.6096858978	20
1522050421.7100696564	20
1522050421.7596020699	20
1522050421.8267447948	20
1522050421.8929498196	20
1522050421.9440450668	20
1522050421.9761500359	20
1522050422.0761485100	20
1522050422.1427366734	20
1522050422.1927721500	20
1522050422.2093048096	20
1522050422.2926735878	20
1522050422.3426017761	20
1522050422.3925895691	20
1522050422.4092524052	16
1522050422.4925577641	16
1522050422.5095818043	16
1522050422.5591113567	16
1522050422.5924916267	16
1522050422.6424353123	16
1522050422.7426338196	16
1522050422.7923052311	16
1522050422.8089740276	16
1522050422.9089965820	16
1522050422.9808826447	16
1522050423.0088567734	16
1522050423.0922806263	16
1522050423.1587517262	16
1522050423.2253901958	16
1522050423.2586874962	16
1522050423.3587107658	16
1522050423.4252402782	16
1522050423.4752020836	16
1522050423.4918525219	16
1522050423.5918605328	16
1522050423.6418175697	16
1522050423.6917972565	16
1522050423.7417442799	16
1522050423.7929606438	16
1522050423.8083739281	16
1522050423.8750653267	16
1522050423.9249298573	16
1522050424.0249283314	16
1522050424.0748734474	16
1522050424.0915017128	16
1522050424.1415448189	16
1522050424.2581188679	16
1522050424.3080184460	16
1522050424.3246715069	16
1522050424.3913254738	16
1522050424.4412746429	16
1522050424.5415811539	16
1522050424.5913040638	16
1522050424.6078407764	16
1522050424.7078542709	16
1522050424.7578511238	16
1522050424.8244416714	16
1522050424.8744015694	16
1522050424.8909890652	16
1522050424.9576730728	16
1522050425.0576508045	16
1522050425.1075732708	16
1522050425.1408398151	16
1522050425.2407975197	16
1522050425.3074452877	16
1522050425.3575453758	16
1522050425.4241640568	20
1522050425.4742636681	20
1522050425.4906108379	20
1522050425.5905807018	20
1522050425.6406075954	20
1522050425.6906013489	20
1522050425.7571539879	20
1522050425.8071806431	20
1522050425.8741383553	20
1522050425.9237394333	20
1522050425.9903330803	20
1522050426.0403463840	20
1522050426.0569653511	20
1522050426.1069445610	20
1522050426.1403627396	20
1522050426.1902310848	20
1522050426.2411255836	20
1522050426.3404812813	20
1522050426.3907001019	20
1522050426.4068610668	20
1522050426.5233275890	20
1522050426.5734436512	20
1522050426.6399254799	20
1522050426.7065746784	20
1522050426.7566466331	20
1522050426.8231747150	20
1522050426.8733348846	20
1522050426.8898103237	20
1522050426.9897532463	20
1522050427.0397155285	20
1522050427.1062898636	20
1522050427.1562936306	20
1522050427.1729640961	20
1522050427.2395591736	20
1522050427.2895622253	20
1522050427.3897707462	20
1522050427.4394378662	20
1522050427.5060355663	20
1522050427.5726788044	20
1522050427.6393239498	20
1522050427.7059388161	20
1522050427.7558786869	20
1522050427.8393981457	20
1522050427.8892190456	20
1522050427.9557633400	20
1522050427.9724600315	20
1522050428.0393552780	20
1522050428.1389749050	20
1522050428.1890175343	20
1522050428.2223019600	20
1522050428.3056373596	20
1522050428.3388538361	20
1522050428.4404199123	20
1522050428.5057511330	20
1522050428.5720801353	20
1522050428.6220819950	20
1522050428.6553809643	20
1522050428.7552909851	20
1522050428.7719495296	20
1522050428.8385977745	20
1522050428.9398438931	20
1522050429.0051245689	20
1522050429.0717754364	20
1522050429.1051716805	20
1522050429.1384294033	20
1522050429.2549796104	20
1522050429.2883207798	20
1522050429.3882522583	20
1522050429.4382386208	20
1522050429.5048766136	20
1522050429.5548431873	20
1522050429.5714702606	20
1522050429.6714940071	20
1522050429.7213165760	20
1522050429.7881071568	16
1522050429.8380064964	16
1522050429.9047355652	16
1522050429.9712433815	16
1522050430.0378539562	16
1522050430.1045241356	16
1522050430.1544568539	16
1522050430.2376925945	16
1522050430.2877287865	16
1522050430.3376786709	16
1522050430.3876321316	16
1522050430.4209043980	16
1522050430.5042338371	16
1522050430.5375428200	16
1522050430.6374814510	16
1522050430.7041392326	16
1522050430.7540948391	16
1522050430.7707703114	16
1522050430.9039030075	16
1522050430.9540140629	16
1522050430.9705691338	16
1522050431.0705823898	16
1522050431.1205353737	16
1522050431.1871392727	16
1522050431.2536888123	16
1522050431.3040323257	16
1522050431.3369975090	16
1522050431.4536657333	20
1522050431.5036227703	20
1522050431.5368771553	20
1522050431.6535387039	20
1522050431.7036747932	20
1522050431.7367753983	20
1522050431.8535532951	20
1522050431.9034316540	20
1522050431.9366464615	20
1522050432.0365641117	20
1522050432.1032664776	20
1522050432.1532664299	20
1522050432.1698081493	20
1522050432.2864313126	20
1522050432.3363926411	20
1522050432.3697383404	20
1522050432.4698452950	20
1522050432.5362770557	20
1522050432.5696239471	20
1522050432.6699564457	20
1522050432.7195956707	20
1522050432.7361187935	20
1522050432.8695890903	20
1522050432.9194090366	20
1522050433.0027053356	20
1522050433.0694346428	20
1522050433.1026093960	20
1522050433.2192337513	20
1522050433.2524776459	20
1522050433.3191828728	20
1522050433.4191036224	20
1522050433.4857072830	20
1522050433.5523562431	20
1522050433.6023325920	20
1522050433.6692647934	20
1522050433.7190990448	20
1522050433.8022263050	20
1522050433.8688216209	20
1522050433.9021081924	20
1522050434.0355877876	20
1522050434.0520255566	20
1522050434.1520612240	20
1522050434.2019932270	20
1522050434.2686364651	20
1522050434.3186156750	20
1522050434.4017844200	20
1522050434.4684219360	20
1522050434.5017490387	20
1522050434.6016976833	20
1522050434.6683483124	20
1522050434.7182929516	20
1522050434.7849245071	20
1522050434.8349905014	20
1522050434.8515131474	20
1522050434.9681599140	20
1522050435.0347371101	20
1522050435.0513870716	20
1522050435.1680598259	20
1522050435.2179727554	20
1522050435.2512435913	20
1522050435.3678717613	20
1522050435.4179303646	20
1522050435.4511365891	20
1522050435.5518150330	20
1522050435.6010866165	20
1522050435.6677772999	20
1522050435.7177090645	20
1522050435.8010773659	20
1522050435.8675885201	20
1522050435.9011106491	20
1522050436.0008027554	20
1522050436.0674748421	20
1522050436.1175806522	20
1522050436.1840949059	20
1522050436.2340381145	20
1522050436.2506906986	20
1522050436.3506696224	20
1522050436.4006829262	20
1522050436.4671993256	20
1522050436.5171606541	20
1522050436.5838952065	20
1522050436.6504313946	20
1522050436.7004559040	20
1522050436.7504105568	20
1522050436.7669947147	20
1522050436.8838422298	20
1522050436.9338243008	20
1522050437.0002923012	20
1522050437.0668597221	20
1522050437.1168336868	20
1522050437.1834566593	20
1522050437.2336261272	20
1522050437.2500400543	20
1522050437.3666708469	20
1522050437.4166681767	20
1522050437.4499011040	20
1522050437.5831763744	20
1522050437.6334729195	20
1522050437.6497716904	20
1522050437.7664277554	16
1522050437.8163862228	16
1522050437.8499579430	16
1522050437.9496827126	16
1522050437.9996430874	16
1522050438.0661985874	16
1522050438.1161990166	16
1522050438.1828448772	16
1522050438.2329506874	16
1522050438.2495360374	16
1522050438.3495199680	16
1522050438.3994491100	16
1522050438.4659690857	16
1522050438.5161056519	16
1522050438.5992376804	16
1522050438.6491906643	16
1522050438.7158892155	16
1522050438.7658107281	16
1522050438.7833659649	16
1522050438.8491232395	16
1522050438.9489741325	16
1522050438.9989945889	12
1522050439.0656080246	12
1522050439.0989716053	12
1522050439.1321983337	12
1522050439.1988508701	12
1522050439.2488081455	12
1522050439.2988271713	12
1522050439.3321506977	12
1522050439.4320318699	12
1522050439.4820332527	12
1522050439.5486772060	12
1522050439.6152324677	12
1522050439.6486010551	12
1522050439.7485568523	12
1522050439.8152685165	12
1522050439.8484227657	12
1522050439.9650411606	16
1522050440.0151329041	16
1522050440.0482904911	16
1522050440.1484279633	16
1522050440.2150099277	16
1522050440.2482240200	16
1522050440.3482136726	16
1522050440.3981122971	16
1522050440.4647684097	16
1522050440.5147900581	16
1522050440.5313348770	16
1522050440.6645948887	16
1522050440.6980929375	16
1522050440.7311837673	16
1522050440.8479104042	16
1522050440.8978786469	16
1522050440.9311060905	16
1522050441.0477836132	16
1522050441.0977156162	16
1522050441.1309957504	16
1522050441.2475497723	16
1522050441.2977313995	16
1522050441.3308351040	16
1522050441.4474749565	16
1522050441.4974887371	16
1522050441.5307195187	16
1522050441.6307497025	16
1522050441.6808290482	16
1522050441.7473130226	16
1522050441.8139486313	16
1522050441.8639030457	16
1522050441.8971698284	16
1522050442.0138802528	16
1522050442.0637967587	16
1522050442.0970501900	16
1522050442.1970603466	16
1522050442.2638792992	16
1522050442.3136322498	16
1522050442.3302254677	16
1522050442.4468407631	16
1522050442.4802522659	16
1522050442.5468928814	16
1522050442.5967309475	16
1522050442.6633856297	16
1522050442.7134268284	16
1522050442.7300016880	16
1522050442.8632912636	16
1522050442.9132983685	16
1522050442.9298746586	16
1522050443.0465216637	16
1522050443.0964043140	16
1522050443.1297936440	16
1522050443.2463176250	16
1522050443.2796990871	16
1522050443.3463068008	16
1522050443.4296536446	16
1522050443.4461963177	16
1522050443.5628132820	16
1522050443.6294858456	16
1522050443.6627080441	16
1522050443.7461533546	16
1522050443.7793483734	16
1522050443.8793208599	16
1522050443.9459297657	16
1522050443.9959154129	16
1522050444.0625576973	16
1522050444.1125409603	16
1522050444.1291170120	16
1522050444.2458755970	16
1522050444.2956798077	16
1522050444.3290183544	16
1522050444.4456403255	16
1522050444.4956166744	16
1522050444.5289714336	16
1522050444.6455190182	16
1522050444.6788337231	16
1522050444.7455081940	16
1522050444.7954766750	16
1522050444.8120410442	16
1522050444.8620798588	16
1522050444.9786410332	16
1522050445.0452468395	16
1522050445.1118280888	16
1522050445.1618430614	16
1522050445.2451047897	16
1522050445.2951309681	16
1522050445.3283581734	16
1522050445.4450137615	16
1522050445.4950070381	16
1522050445.5282435417	16
1522050445.6448400021	16
1522050445.6948509216	16
1522050445.7448508739	16
1522050445.7780892849	16
1522050445.8947784901	16
1522050445.9447064400	16
1522050445.9779536724	16
1522050446.0779950619	16
1522050446.1612303257	12
1522050446.2278757095	16
1522050446.2611384392	16
1522050446.3624534607	12
1522050446.4443783760	12
1522050446.4943749905	12
1522050446.5453360081	12
1522050446.5776207447	12
1522050446.6776206493	12
1522050446.7616233826	12
1522050446.8274595737	12
1522050446.8607740402	12
1522050446.9617602825	12
1522050447.0277884007	12
1522050447.0773437023	12
1522050447.1439807415	12
1522050447.2106244564	12
1522050447.2605867386	12
1522050447.3104617596	12
1522050447.3271355629	12
1522050447.4604103565	12
1522050447.5104179382	12
1522050447.5270185471	12
1522050447.6435666084	12
1522050447.6936678886	12
1522050447.7436494827	12
1522050447.7768683434	12
1522050447.8935348988	12
1522050447.9601225853	16
1522050448.0434238911	12
1522050448.0934665203	16
1522050448.1599688530	16
1522050448.2433276176	16
1522050448.2933180332	16
1522050448.3617515564	16
1522050448.4432098866	16
1522050448.4931240082	16
1522050448.5597326756	16
1522050448.6430132389	16
1522050448.6929960251	16
1522050448.7429728508	16
1522050448.7762393951	16
1522050448.8928999901	16
1522050448.9428339005	16
1522050448.9761214256	16
1522050449.0927050114	16
1522050449.1457972527	16
1522050449.1760280132	16
1522050449.2760078907	16
1522050449.3425903320	16
1522050449.4092311859	16
1522050449.4758241177	16
1522050449.5091817379	16
1522050449.5424571037	16
1522050449.6424465179	16
1522050449.6925241947	16
1522050449.7090997696	16
1522050449.7590095997	16
1522050449.8590085506	16
1522050449.9255151749	16
1522050449.9921765327	16
1522050450.0421547890	16
1522050450.1088552475	16
1522050450.1587531567	16
1522050450.2255098820	16
1522050450.2753229141	16
1522050450.2919528484	16
1522050450.3919448853	16
1522050450.4435102940	16
1522050450.5084929466	16
1522050450.5585603714	16
1522050450.6253504753	16
1522050450.6751499176	16
1522050450.6917114258	16
1522050450.7919185162	16
1522050450.8584992886	16
1522050450.8916068077	16
1522050451.0084760189	16
1522050451.0416135788	16
1522050451.1084034443	16
1522050451.1581377983	16
1522050451.2247793674	16
1522050451.2747321129	16
1522050451.2913484573	16
1522050451.4084873199	16
1522050451.4579865932	16
1522050451.4912075996	16
1522050451.6079587936	16
1522050451.6578633785	16
1522050451.6911649704	16
1522050451.8077857494	16
1522050451.8578987122	16
1522050451.8910293579	16
1522050452.0242638588	16
1522050452.0742161274	16
1522050452.0908279419	16
1522050452.2077193260	16
1522050452.2575533390	16
1522050452.2907664776	16
1522050452.4073331356	16
1522050452.4574480057	16
1522050452.4906699657	16
1522050452.5905864239	16
1522050452.6406264305	16
1522050452.7072227001	20
1522050452.7571229935	20
1522050452.8239858150	20
1522050452.8908574581	24
1522050452.9572138786	24
1522050452.9903502464	24
1522050453.0069842339	24
1522050453.1069686413	24
1522050453.1571464539	24
1522050453.1739056110	24
1522050453.2737588882	24
1522050453.3234250546	24
1522050453.3900756836	24
1522050453.4400734901	24
1522050453.5066783428	24
1522050453.5567271709	24
1522050453.6232900620	24
1522050453.6733391285	24
1522050453.6898672581	24
1522050453.7898526192	24
1522050453.8398203850	24
1522050453.9064998627	24
1522050453.9564423561	24
1522050454.0231859684	24
1522050454.0730011463	24
1522050454.0896286964	24
1522050454.2066802979	24
1522050454.2561736107	24
1522050454.2895195484	24
1522050454.3895177841	24
1522050454.4393768311	24
1522050454.4560709000	24
1522050454.5060145855	24
1522050454.5393695831	24
1522050454.5894277096	24
1522050454.6393566132	24
1522050454.6892757416	24
1522050454.8061423302	24
1522050454.9058125019	24
1522050454.9391305447	24
1522050455.0557408333	24
1522050455.0890512466	24
1522050455.2056550980	24
1522050455.2722330093	24
1522050455.2888734341	24
1522050455.4055778980	20
1522050455.4554929733	20
1522050455.4888269901	20
1522050455.6220638752	20
1522050455.6720628738	20
1522050455.7553098202	20
1522050455.8053169250	20
1522050455.8719954491	20
1522050455.9218556881	20
1522050456.0051970482	20
1522050456.0551412106	20
1522050456.0885329247	20
1522050456.2049973011	20
1522050456.2551245689	20
1522050456.2882905006	20
1522050456.4215576649	20
1522050456.4715452194	20
1522050456.4881420135	20
1522050456.6047716141	20
1522050456.6547317505	20
1522050456.7047867775	20
1522050456.7379765511	20
1522050456.8384206295	20
1522050456.9049499035	20
1522050456.9711806774	20
1522050457.0378324986	20
1522050457.0879452229	20
1522050457.1544094086	20
1522050457.2210364342	20
1522050457.2543323040	20
1522050457.3043599129	20
1522050457.4218683243	20
1522050457.4709148407	20
1522050457.4875953197	20
1522050457.6207690239	16
1522050457.6541552544	16
1522050457.7041056156	16
1522050457.7373390198	16
1522050457.8540012836	16
1522050457.9039695263	16
1522050457.9372410774	16
1522050458.0374104977	16
1522050458.1039533615	16
1522050458.1704361439	16
1522050458.2370555401	16
1522050458.2704603672	16
1522050458.2870094776	16
1522050458.3870487213	16
1522050458.4377236366	16
1522050458.5035996437	16
1522050458.5536534786	16
1522050458.5702226162	16
1522050458.6701724529	16
1522050458.7201700211	16
1522050458.8200693130	16
1522050458.8700454235	16
1522050458.9032907486	16
1522050459.0199191570	16
1522050459.0532739162	16
1522050459.1531598568	16
1522050459.2032744884	16
1522050459.2697999477	16
1522050459.3031439781	16
1522050459.3363690376	16
1522050459.4529972076	16
1522050459.5031518936	16
1522050459.5368025303	16
1522050459.6528682709	16
1522050459.7194714546	16
1522050459.7861485481	16
1522050459.8536782265	16
1522050459.9193947315	16
1522050459.9359877110	16
1522050459.9859952927	16
1522050460.0359909534	16
1522050460.0859353542	16
1522050460.1858649254	16
1522050460.2358467579	16
1522050460.2524793148	16
1522050460.3524529934	16
1522050460.4024143219	16
1522050460.4691622257	16
1522050460.5190978050	16
1522050460.6022915840	16
1522050460.6522715092	16
1522050460.7022588253	16
1522050460.7688474655	16
1522050460.7855019569	16
1522050460.9021415710	16
1522050460.9521083832	16
1522050460.9687314034	16
1522050461.0853021145	16
1522050461.1186621189	16
1522050461.2019088268	16
1522050461.2518491745	16
1522050461.3018853664	16
1522050461.3518886566	16
1522050461.3684697151	16
1522050461.4684319496	16
1522050461.5184271336	16
1522050461.5850214958	16
1522050461.6351149082	16
1522050461.6516029835	16
1522050461.7518286705	16
1522050461.8016061783	16
1522050461.8848416805	16
1522050461.9348471165	16
1522050462.0014457703	16
1522050462.0682878494	16
1522050462.1180465221	16
1522050462.2014522552	16
1522050462.2513334751	16
1522050462.3012878895	16
1522050462.3679323196	16
1522050462.4345321655	16
1522050462.4846832752	16
1522050462.5517272949	16
1522050462.6010313034	16
1522050462.6677269936	16
1522050462.7177178860	16
1522050462.7842860222	16
1522050462.8347423077	16
1522050462.8510935307	16
1522050462.9674694538	16
1522050463.0175099373	16
1522050463.0507569313	16
1522050463.1507332325	16
1522050463.2178246975	16
1522050463.2506344318	16
1522050463.3506488800	16
1522050463.4005553722	16
1522050463.4672367573	16
1522050463.5172319412	16
1522050463.5337815285	20
1522050463.6670789719	20
1522050463.7171158791	24
1522050463.7837350368	24
1522050463.8503935337	24
1522050463.9003012180	24
1522050463.9506754875	24
1522050463.9668788910	24
1522050464.0837745667	24
1522050464.1338295937	24
1522050464.2002089024	24
1522050464.2667045593	24
1522050464.3165948391	24
1522050464.4000041485	24
1522050464.4666457176	24
1522050464.4998397827	24
1522050464.5999426842	24
1522050464.6669442654	24
1522050464.7163777351	24
1522050464.7830696106	24
1522050464.8496451378	24
1522050464.9162576199	24
1522050464.9662268162	24
1522050465.0328912735	24
1522050465.0994975567	24
1522050465.1328282356	24
1522050465.1994383335	24
1522050465.2328126431	24
1522050465.2827801704	24
1522050465.3826777935	24
1522050465.4326739311	24
1522050465.4492647648	24
1522050465.5658490658	24
1522050465.6158580780	24
1522050465.6491429806	24
1522050465.7493140697	24
1522050465.8157026768	24
1522050465.8490817547	24
1522050465.9656791687	24
1522050466.0323014259	24
1522050466.0492415428	24
1522050466.1489517689	24
1522050466.2155103683	24
1522050466.2487478256	24
1522050466.3487429619	24
1522050466.4153258801	24
1522050466.4486436844	24
1522050466.5652644634	24
1522050466.6153042316	24
1522050466.6485316753	24
1522050466.7651383877	24
1522050466.8150796890	24
1522050466.8484480381	24
1522050466.9650428295	24
1522050467.0150227547	24
1522050467.0482761860	24
1522050467.1482968330	24
1522050467.1982352734	24
1522050467.2648561001	24
1522050467.3147709370	24
1522050467.3314509392	24
1522050467.4480392933	24
1522050467.4980652332	24
1522050467.5313801765	24
1522050467.6645798683	24
1522050467.7145493031	24
1522050467.7311592102	24
1522050467.8477787971	24
1522050467.8988058567	24
1522050467.9310736656	24
1522050468.0643739700	24
1522050468.1142737865	24
1522050468.1309435368	24
1522050468.2642240524	24
1522050468.3141453266	24
1522050468.3308064938	24
1522050468.4307823181	24
1522050468.4807572365	24
1522050468.5640206337	24
1522050468.6140706539	24
1522050468.6640832424	24
1522050468.6972424984	24
1522050468.8304975033	24
1522050468.8472216129	24
1522050468.9637689590	24
1522050469.0138893127	24
1522050469.0638041496	24
1522050469.0969901085	24
1522050469.2136571407	24
1522050469.2636268139	24
1522050469.2968595028	24
