showImg_rvec :
[-0.06824728693504764, 0.9960889881760852, -0.05611626734154979;
 -0.9971940474479367, -0.06637247976158769, 0.03462261781985473;
 0.03076263253376353, 0.05832170749078462, 0.9978237514085102]
showImg_tvec :
[-74.60031695326477;
 68.67027610254894;
 76.28112755902146]
base2camera_rot :
[-0.013225805393672, -0.9998720073656292, 0.009002609080509061;
 0.9998031277641546, -0.01309063831118468, 0.0149110498147683;
 -0.01479134154504859, 0.009198047359796424, 0.9998482953044252]
base2camera_t :
[-2.360371355605269;
 -3.201035174326631;
 80.72730098096658]
