50 -83.6839  1157.35        0 0 0 0.991531 0.129868
150 -83.7678  1157.36        0 0 0 0.999926 0.0121368
250 -83.8567  1157.35        0 0 0 0.994392 -0.105761
350 -83.8106  1157.36        0 0 0 0.973678 -0.227928
450 -83.809 1157.36       0 0 0 0.941761 -0.336284
550 -83.7961  1157.36        0 0 0 0.892441 -0.451164
650 -83.7808  1157.39        0 0 0 -0.837028 0.54716
750 -83.7859  1157.35        0 0 0 -0.76233 0.647189
850 -83.7762  1157.42        0 0 0 -0.685075 0.728472
950 -83.7719  1157.41        0 0 0 -0.588985 0.808144
1050 -83.7756  1157.43        0 0 0 -0.49237 0.870386
1150 -83.7813  1157.43        0 0 0 -0.383769 0.923429
1250 -83.7533  1157.41        0 0 0 -0.271455 0.962451
1350 -83.737  1157.4       0 0 0 -0.157338 0.987545
1450 -83.7894  1157.41        0 0 0 -0.0349734 0.999388
1550 -83.7674  1157.41        0 0 0 0.0769086 0.997038
1650 -83.749 1157.41       0 0 0 0.200734 0.979646
1750 -83.7923   1157.4        0 0 0 0.307987 0.951391
1850 -83.7901   1157.4        0 0 0 0.424217 0.905561
1950 -83.7711  1157.42        0 0 0 0.522743 0.852491
2050 -83.7907  1157.39        0 0 0 0.624866 0.780732
2150 -83.7867  1157.47        0 0 0 0.70982 0.704383
2250 -83.7902  1157.53        0 0 0 0.791427 0.611264
2350 -83.7702  1157.49        0 0 0 0.856799 0.51565
2450 -83.814 1157.56       0 0 0 0.911936 0.410332
2550 -83.762 1157.51       0 0 0 0.955065 0.296397
2650 -83.7486   1157.5        0 0 0 0.982568 0.185902
