50  53.2805  56.1153 -82.2732 0.00693893 -0.00107414 -0.281959 0.959401
150  53.0689  56.1469 -82.3989 1.99952e-05 -0.00277563 -0.160515 0.987029
250  52.1579  57.5011 -82.4447 0.00699197 0.000784591 -0.037126 0.999286
350  51.0776  55.2145 -82.4676 -0.00437167 0.00555509 0.0921693 0.995718
450  50.7121  57.6417 -82.6664 0.0101844 -8.08737e-05 0.210192 0.977607
550  49.6235  56.4196 -82.5912 0.0045412 0.00270513 0.337417 0.94134
650  48.9952  55.6272 -82.6911 0.00440006 0.0038503 0.444785 0.895618
750  49.4687  55.1208 -82.8308 0.00294146 -0.00139102 0.558712 0.829355
850  49.5186  54.4944 -82.7055 0.00114189 -0.000606931 0.65229 0.757968
950  49.7946  53.5465 -82.6337 0.000131592 0.00254261 0.745831 0.66613
1050  49.6867   52.764 -82.5565 -0.000899618 0.00445515 0.820914 0.571033
1150  49.3299  52.3849 -82.3453 0.00151042 0.00225424 0.886938 0.461881
1250  49.7442  52.2916 -82.0343 0.00378493 0.00163146 0.937973 0.346683
1350 52.3844 51.3335 -82.416 -0.00534767 0.00599782 0.97339 0.229015
1450  52.5221  52.3387 -82.4376 0.000712578 0.0021197 0.994827 0.101557
1550  52.6947  51.9498 -82.4718 0.000737357 0.00626382 0.999849 -0.0162149
1650  53.7332  54.4815 -82.3766 -0.00561265 -0.00217886 0.989232 -0.146234
1750  55.6569  54.5592 -82.3766 -0.0085502 -0.000474291 0.965327 -0.260903
1850  55.6027  53.0763 -82.6138 -0.00241934 0.00684157 0.922616 -0.385652
1950  56.3035  53.3388 -82.6803 -0.00544239 0.00789937 0.870454 -0.492157
2050  56.7266  54.3833 -82.5319 0.00182681 -0.0041545 -0.799422 0.600753
2150  58.6122  54.9677 -82.4892 0.00426021 -0.00580816 -0.722294 0.691548
2250  57.4719  56.0058 -82.5285 0.000914778 0.00241702 -0.626451 0.779456
2350   56.927   57.082 -82.4396 0.00380815 0.00292733 -0.526832 0.849956
2450  57.4462  57.3982 -82.2429 0.00444789 -0.00318086 -0.415719 0.909477
2550  57.4702  57.7361 -82.1715 0.00631827 -0.00192799 -0.296245 0.955089
2650  57.0651  59.3533 -82.5678 0.0126694 0.000787789 -0.179769 0.983627
