1521598678.6161382198	1.4567656365	-3.1608544001	0.0000000000	0.0000000000	0.8298728922	0.5579524916	0.0000000000	0.0000000000	0.0000000000	0.0000000000	0.0000000000	0.0000000000
1521598678.6361455917	1.4567656365	-3.1608544001	0.0000000000	0.0000000000	0.8298728922	0.5579524916	0.0000000000	0.0000000000	0.0000000000	0.0000000000	0.0000000000	0.0000000000
1521598678.6561346054	1.4567656365	-3.1608544001	0.0000000000	0.0000000000	0.8298728922	0.5579524916	0.0000000000	0.0000000000	0.0000000000	0.0000000000	0.0000000000	0.0000000000
1521598678.6761605740	1.4567656365	-3.1608544001	0.0000000000	0.0000000000	0.8298728922	0.5579524916	0.0000000000	0.0000000000	0.0000000000	0.0000000000	0.0000000000	0.0000000000
1521598678.6961431503	1.4567324411	-3.1607729394	0.0000000000	0.0000000000	0.8298694211	0.5579576542	0.0004402112	0.0000000000	0.0000000000	0.0000000000	0.0000000000	-0.0000622647
1521598678.7161397934	1.4566174462	-3.1604907351	0.0000000000	0.0000000000	0.8298659501	0.5579628168	0.0019641251	0.0000000000	0.0000000000	0.0000000000	0.0000000000	-0.0001244843
1521598678.7361521721	1.4565071648	-3.1602201797	0.0000000000	0.0000000000	0.8299284242	0.5578698869	0.0034240674	0.0000000000	0.0000000000	0.0000000000	0.0000000000	0.0009946027
1521598678.7561345100	1.4563980177	-3.1599525545	0.0000000000	0.0000000000	0.8299735379	0.5578027666	0.0048704752	0.0000000000	0.0000000000	0.0000000000	0.0000000000	0.0018040432
1521598678.7761433125	1.4562858780	-3.1596776678	0.0000000000	0.0000000000	0.8299822130	0.5577898584	0.0063542219	0.0000000000	0.0000000000	0.0000000000	0.0000000000	0.0019594988
1521598678.7961606979	1.4561565268	-3.1593606046	0.0000000000	0.0000000000	0.8299822130	0.5577898584	0.0080649159	0.0000000000	0.0000000000	0.0000000000	0.0000000000	0.0019594988
1521598678.8161501884	1.4560111606	-3.1590042699	0.0000000000	0.0000000000	0.8299735379	0.5578027666	0.0099901408	0.0000000000	0.0000000000	0.0000000000	0.0000000000	0.0018038937
1521598678.8361670971	1.4558622503	-3.1586392022	0.0000000000	0.0000000000	0.8299579222	0.5578260009	0.0119598406	0.0000000000	0.0000000000	0.0000000000	0.0000000000	0.0015241840
1521598678.8561444283	1.4557068366	-3.1582581262	0.0000000000	0.0000000000	0.8299405707	0.5578518164	0.0140199052	0.0000000000	0.0000000000	0.0000000000	0.0000000000	0.0012127843
1521598678.8761494160	1.4555407582	-3.1578508644	0.0000000000	0.0000000000	0.8299405707	0.5578518164	0.0162184699	0.0000000000	0.0000000000	0.0000000000	0.0000000000	0.0012127843
1521598678.8962316513	1.4553770474	-3.1574494226	0.0000000000	0.0000000000	0.8299475114	0.5578414903	0.0179370774	0.0000000000	0.0000000000	0.0000000000	0.0000000000	0.0013989588
1521598678.9161486626	1.4552151173	-3.1570523438	0.0000000000	0.0000000000	0.8299388355	0.5578543979	0.0185662465	0.0000000000	0.0000000000	0.0000000000	0.0000000000	0.0013050051
1521598678.9361536503	1.4550520134	-3.1566523509	0.0000000000	0.0000000000	0.8299301594	0.5578673054	0.0192655981	0.0000000000	0.0000000000	0.0000000000	0.0000000000	0.0000304335
1521598678.9561474323	1.4548924729	-3.1562610831	0.0000000000	0.0000000000	0.8299318947	0.5578647239	0.0199325739	0.0000000000	0.0000000000	0.0000000000	0.0000000000	-0.0007478924
1521598678.9761977196	1.4547382762	-3.1558829037	0.0000000000	0.0000000000	0.8299214831	0.5578802128	0.0204857447	0.0000000000	0.0000000000	0.0000000000	0.0000000000	-0.0010895096
1521598678.9961528778	1.4545823157	-3.1555003544	0.0000000000	0.0000000000	0.8299093360	0.5578982829	0.0208452838	0.0000000000	0.0000000000	0.0000000000	0.0000000000	-0.0013077324
1521598679.0162148476	1.4544275506	-3.1551207103	0.0000000000	0.0000000000	0.8299076006	0.5579008643	0.0209636311	0.0000000000	0.0000000000	0.0000000000	0.0000000000	-0.0011831363
1521598679.0365762711	1.4542781325	-3.1547541533	0.0000000000	0.0000000000	0.8298937176	0.5579215155	0.0209379893	0.0000000000	0.0000000000	0.0000000000	0.0000000000	-0.0011478469
1521598679.0561528206	1.4541251803	-3.1543788591	0.0000000000	0.0000000000	0.8298728922	0.5579524916	0.0209480833	0.0000000000	0.0000000000	0.0000000000	0.0000000000	-0.0012177797
1521598679.0761339664	1.4539746223	-3.1540093741	0.0000000000	0.0000000000	0.8298590079	0.5579731419	0.0207463223	0.0000000000	0.0000000000	0.0000000000	0.0000000000	-0.0014668548
1521598679.0961353779	1.4538317864	-3.1536587931	0.0000000000	0.0000000000	0.8298468587	0.5579912106	0.0204801833	0.0000000000	0.0000000000	0.0000000000	0.0000000000	-0.0018084838
1521598679.1162493229	1.4536871913	-3.1533038404	0.0000000000	0.0000000000	0.8298295020	0.5580170226	0.0202326127	0.0000000000	0.0000000000	0.0000000000	0.0000000000	-0.0019615967
1521598679.1362524033	1.4535378690	-3.1529372443	0.0000000000	0.0000000000	0.8298260306	0.5580221850	0.0200522014	0.0000000000	0.0000000000	0.0000000000	0.0000000000	-0.0018683117
1521598679.1561534405	1.4533879507	-3.1525691949	0.0000000000	0.0000000000	0.8298347091	0.5580092791	0.0199357558	0.0000000000	0.0000000000	0.0000000000	0.0000000000	-0.0017431286
1521598679.1763532162	1.4532350685	-3.1521938722	0.0000000000	0.0000000000	0.8298277663	0.5580196038	0.0199051438	0.0000000000	0.0000000000	0.0000000000	0.0000000000	-0.0016801572
1521598679.1961467266	1.4530827893	-3.1518200000	0.0000000000	0.0000000000	0.8298190877	0.5580325096	0.0198744287	0.0000000000	0.0000000000	0.0000000000	0.0000000000	-0.0016190803
1521598679.2161455154	1.4529263732	-3.1514359402	0.0000000000	0.0000000000	0.8298121446	0.5580428341	0.0199044242	0.0000000000	0.0000000000	0.0000000000	0.0000000000	-0.0017124978
1521598679.2361688614	1.4527764869	-3.1510678777	0.0000000000	0.0000000000	0.8297999939	0.5580609018	0.0199451118	0.0000000000	0.0000000000	0.0000000000	0.0000000000	-0.0016855583
1521598679.2561447620	1.4526212866	-3.1506867148	0.0000000000	0.0000000000	0.8297861069	0.5580815503	0.0199351829	0.0000000000	0.0000000000	0.0000000000	0.0000000000	-0.0015533655
1521598679.2761492729	1.4524672827	-3.1503084568	0.0000000000	0.0000000000	0.8297826351	0.5580867124	0.0199799556	0.0000000000	0.0000000000	0.0000000000	0.0000000000	-0.0013664862
1521598679.2961494923	1.4523168397	-3.1499389250	0.0000000000	0.0000000000	0.8297756913	0.5580970365	0.0200821754	0.0000000000	0.0000000000	0.0000000000	0.0000000000	-0.0012731858
1521598679.3161611557	1.4521640345	-3.1495635709	0.0000000000	0.0000000000	0.8297722194	0.5581021985	0.0202017979	0.0000000000	0.0000000000	0.0000000000	0.0000000000	-0.0010260727
1521598679.3361456394	1.4520118205	-3.1491896722	0.0000000000	0.0000000000	0.8297774273	0.5580944554	0.0202429605	0.0000000000	0.0000000000	0.0000000000	0.0000000000	-0.0008704858
1521598679.3561339378	1.4518613774	-3.1488201404	0.0000000000	0.0000000000	0.8297808991	0.5580892934	0.0202421106	0.0000000000	0.0000000000	0.0000000000	0.0000000000	-0.0009645370
1521598679.3761365414	1.4517103410	-3.1484491542	0.0000000000	0.0000000000	0.8297791632	0.5580918744	0.0202382993	0.0000000000	0.0000000000	0.0000000000	0.0000000000	-0.0008724476
1521598679.3961417675	1.4515575288	-3.1480738031	0.0000000000	0.0000000000	0.8297791632	0.5580918744	0.0202245794	0.0000000000	0.0000000000	0.0000000000	0.0000000000	-0.0007153017
1521598679.4161458015	1.4514064946	-3.1477028159	0.0000000000	0.0000000000	0.8297774273	0.5580944554	0.0201533733	0.0000000000	0.0000000000	0.0000000000	0.0000000000	-0.0006219738
1521598679.4361674786	1.4512554720	-3.1473318241	0.0000000000	0.0000000000	0.8297618034	0.5581176843	0.0201692337	0.0000000000	0.0000000000	0.0000000000	0.0000000000	-0.0006841350
1521598679.4561486244	1.4511050612	-3.1469622792	0.0000000000	0.0000000000	0.8297479150	0.5581383319	0.0201057790	0.0000000000	0.0000000000	0.0000000000	0.0000000000	-0.0006840668
1521598679.4762613773	1.4509534753	-3.1465898208	0.0000000000	0.0000000000	0.8297479150	0.5581383319	0.0200635683	0.0000000000	0.0000000000	0.0000000000	0.0000000000	-0.0006218710
1521598679.4961555004	1.4508036738	-3.1462217238	0.0000000000	0.0000000000	0.8297357622	0.5581563982	0.0200662848	0.0000000000	0.0000000000	0.0000000000	0.0000000000	-0.0007163434
1521598679.5161459446	1.4506509270	-3.1458463460	0.0000000000	0.0000000000	0.8297253453	0.5581718834	0.0200684483	0.0000000000	0.0000000000	0.0000000000	0.0000000000	-0.0008408889
1521598679.5361511707	1.4505023256	-3.1454811524	0.0000000000	0.0000000000	0.8297340261	0.5581589791	0.0200192325	0.0000000000	0.0000000000	0.0000000000	0.0000000000	-0.0007787929
1521598679.5561432838	1.4503531265	-3.1451145061	0.0000000000	0.0000000000	0.8297340261	0.5581589791	0.0200031433	0.0000000000	0.0000000000	0.0000000000	0.0000000000	-0.0008410393
1521598679.5761315823	1.4502051183	-3.1447507670	0.0000000000	0.0000000000	0.8297236091	0.5581744642	0.0199652936	0.0000000000	0.0000000000	0.0000000000	0.0000000000	-0.0009966772
1521598679.5960965157	1.4500559328	-3.1443841152	0.0000000000	0.0000000000	0.8297236091	0.5581744642	0.0199221722	0.0000000000	0.0000000000	0.0000000000	0.0000000000	-0.0009966772
1521598679.6164271832	1.4499079314	-3.1440203733	0.0000000000	0.0000000000	0.8297236091	0.5581744642	0.0198513779	0.0000000000	0.0000000000	0.0000000000	0.0000000000	-0.0009655786
1521598679.6361570358	1.4497617183	-3.1436609914	0.0000000000	0.0000000000	0.8297045105	0.5582028532	0.0198172675	0.0000000000	0.0000000000	0.0000000000	0.0000000000	-0.0010327750
1521598679.6561479568	1.4496090135	-3.1432855965	0.0000000000	0.0000000000	0.8296940926	0.5582183378	0.0198477399	0.0000000000	0.0000000000	0.0000000000	0.0000000000	-0.0009704175
1521598679.6761193275	1.4494598577	-3.1429189326	0.0000000000	0.0000000000	0.8297079830	0.5581976916	0.0198304091	0.0000000000	0.0000000000	0.0000000000	0.0000000000	-0.0007212225
1521598679.6961462498	1.4493095090	-3.1425493624	0.0000000000	0.0000000000	0.8297079830	0.5581976916	0.0198250124	0.0000000000	0.0000000000	0.0000000000	0.0000000000	-0.0005023314
1521598679.7167527676	1.4491579764	-3.1421768823	0.0000000000	0.0000000000	0.8297079830	0.5581976916	0.0197491669	0.0000000000	0.0000000000	0.0000000000	0.0000000000	-0.0003156127
1521598679.7362411022	1.4490070253	-3.1418058614	0.0000000000	0.0000000000	0.8297236091	0.5581744642	0.0198336672	0.0000000000	0.0000000000	0.0000000000	0.0000000000	-0.0001838048
1521598679.7561531067	1.4488530968	-3.1414275727	0.0000000000	0.0000000000	0.8297340261	0.5581589791	0.0199047322	0.0000000000	0.0000000000	0.0000000000	0.0000000000	0.0000036497
1521598679.7761440277	1.4487080476	-3.1410711088	0.0000000000	0.0000000000	0.8297253453	0.5581718834	0.0198652032	0.0000000000	0.0000000000	0.0000000000	0.0000000000	0.0000347918
1521598679.7961120605	1.4485606303	-3.1407088251	0.0000000000	0.0000000000	0.8297340261	0.5581589791	0.0198412917	0.0000000000	0.0000000000	0.0000000000	0.0000000000	0.0001905646
1521598679.8161423206	1.4484114289	-3.1403421798	0.0000000000	0.0000000000	0.8297374984	0.5581538173	0.0198859323	0.0000000000	0.0000000000	0.0000000000	0.0000000000	0.0002526802
1521598679.8363137245	1.4482634184	-3.1399784416	0.0000000000	0.0000000000	0.8297236091	0.5581744642	0.0198662451	0.0000000000	0.0000000000	0.0000000000	0.0000000000	0.0003527945
1521598679.8562018871	1.4481136467	-3.1396103325	0.0000000000	0.0000000000	0.8297149280	0.5581873684	0.0198372239	0.0000000000	0.0000000000	0.0000000000	0.0000000000	0.0003831100
1521598679.8761451244	1.4479603207	-3.1392334945	0.0000000000	0.0000000000	0.8297270815	0.5581693025	0.0198951602	0.0000000000	0.0000000000	0.0000000000	0.0000000000	0.0003522688
1521598679.8961472511	1.4478105376	-3.1388653901	0.0000000000	0.0000000000	0.8297288176	0.5581667217	0.0198898055	0.0000000000	0.0000000000	0.0000000000	0.0000000000	0.0003833707
1521598679.9161581993	1.4476607521	-3.1384972866	0.0000000000	0.0000000000	0.8297305538	0.5581641408	0.0199243023	0.0000000000	0.0000000000	0.0000000000	0.0000000000	0.0004144582
1521598679.9361524582	1.4475079936	-3.1381219135	0.0000000000	0.0000000000	0.8297479150	0.5581383319	0.0198958997	0.0000000000	0.0000000000	0.0000000000	0.0000000000	0.0004383078
1521598679.9561495781	1.4473569987	-3.1377509104	0.0000000000	0.0000000000	0.8297496511	0.5581357510	0.0198478873	0.0000000000	0.0000000000	0.0000000000	0.0000000000	0.0002819627
1521598679.9761512280	1.4472095611	-3.1373886350	0.0000000000	0.0000000000	0.8297409706	0.5581486555	0.0198782538	0.0000000000	0.0000000000	0.0000000000	0.0000000000	0.0002820473
1521598679.9961206913	1.4470609461	-3.1370234469	0.0000000000	0.0000000000	0.8297392345	0.5581512364	0.0198938367	0.0000000000	0.0000000000	0.0000000000	0.0000000000	0.0000951223
1521598680.0161488056	1.4469111492	-3.1366553481	0.0000000000	0.0000000000	0.8297374984	0.5581538173	0.0199019180	0.0000000000	0.0000000000	0.0000000000	0.0000000000	0.0000019452
1521598680.0361604691	1.4467619501	-3.1362887019	0.0000000000	0.0000000000	0.8297305538	0.5581641408	0.0199331477	0.0000000000	0.0000000000	0.0000000000	0.0000000000	0.0001243232
1521598680.0561437607	1.4466109759	-3.1359176903	0.0000000000	0.0000000000	0.8297357622	0.5581563982	0.0199393603	0.0000000000	0.0000000000	0.0000000000	0.0000000000	0.0003741143
1521598680.0761504173	1.4464605812	-3.1355481389	0.0000000000	0.0000000000	0.8297496511	0.5581357510	0.0198936447	0.0000000000	0.0000000000	0.0000000000	0.0000000000	0.0004045177
1521598680.0960969925	1.4463113593	-3.1351815019	0.0000000000	0.0000000000	0.8297531232	0.5581305891	0.0198912889	0.0000000000	0.0000000000	0.0000000000	0.0000000000	0.0004357923
1521598680.1163067818	1.4461627215	-3.1348163231	0.0000000000	0.0000000000	0.8297618034	0.5581176843	0.0198562145	0.0000000000	0.0000000000	0.0000000000	0.0000000000	0.0005586139
1521598680.1362402439	1.4460128857	-3.1344482401	0.0000000000	0.0000000000	0.8297739554	0.5580996175	0.0198229750	0.0000000000	0.0000000000	0.0000000000	0.0000000000	0.0004659337
1521598680.1561496258	1.4458636295	-3.1340816171	0.0000000000	0.0000000000	0.8297808991	0.5580892934	0.0198081262	0.0000000000	0.0000000000	0.0000000000	0.0000000000	0.0005598096
1521598680.1761035919	1.4457149623	-3.1337164503	0.0000000000	0.0000000000	0.8297791632	0.5580918744	0.0198285422	0.0000000000	0.0000000000	0.0000000000	0.0000000000	0.0006841447
1521598680.1961545944	1.4455668794	-3.1333527416	0.0000000000	0.0000000000	0.8297930505	0.5580712261	0.0198126980	0.0000000000	0.0000000000	0.0000000000	0.0000000000	0.0009635033
1521598680.2161464691	1.4454187965	-3.1329890329	0.0000000000	0.0000000000	0.8297791632	0.5580918744	0.0197927076	0.0000000000	0.0000000000	0.0000000000	0.0000000000	0.0007456240
1521598680.2361664772	1.4452701383	-3.1326238624	0.0000000000	0.0000000000	0.8297670114	0.5581099414	0.0197840577	0.0000000000	0.0000000000	0.0000000000	0.0000000000	0.0006524527
1521598680.2561523914	1.4451191180	-3.1322528696	0.0000000000	0.0000000000	0.8297687474	0.5581073604	0.0197837843	0.0000000000	0.0000000000	0.0000000000	0.0000000000	0.0005901868
1521598680.2761530876	1.4449669086	-3.1318789690	0.0000000000	0.0000000000	0.8297739554	0.5580996175	0.0198079328	0.0000000000	0.0000000000	0.0000000000	0.0000000000	0.0004347410
1521598680.2961421013	1.4448164771	-3.1315094325	0.0000000000	0.0000000000	0.8297670114	0.5581099414	0.0198194399	0.0000000000	0.0000000000	0.0000000000	0.0000000000	0.0002478760
1521598680.3161585331	1.4446630831	-3.1311326222	0.0000000000	0.0000000000	0.8297756913	0.5580970365	0.0199010717	0.0000000000	0.0000000000	0.0000000000	0.0000000000	0.0002493633
1521598680.3361508846	1.4445102663	-3.1307572729	0.0000000000	0.0000000000	0.8297895787	0.5580763882	0.0199344768	0.0000000000	0.0000000000	0.0000000000	0.0000000000	0.0002798356
1521598680.3561599255	1.4443604052	-3.1303892002	0.0000000000	0.0000000000	0.8297843710	0.5580841314	0.0199324445	0.0000000000	0.0000000000	0.0000000000	0.0000000000	0.0000615774
1521598680.3761479855	1.4442123314	-3.1300254878	0.0000000000	0.0000000000	0.8297739554	0.5580996175	0.0199212040	0.0000000000	0.0000000000	0.0000000000	0.0000000000	-0.0000939857
1521598680.3961353302	1.4440607061	-3.1296530453	0.0000000000	0.0000000000	0.8297808991	0.5580892934	0.0199745980	0.0000000000	0.0000000000	0.0000000000	0.0000000000	-0.0002176935
1521598680.4161610603	1.4438972376	-3.1292515048	0.0000000000	0.0000000000	0.8297704834	0.5581047795	0.0201752056	0.0000000000	0.0000000000	0.0000000000	0.0000000000	-0.0001551415
1521598680.4382591248	1.4437604372	-3.1289154265	0.0000000000	0.0000000000	0.8297548593	0.5581280082	0.0198478356	0.0000000000	0.0000000000	0.0000000000	0.0000000000	-0.0001909892
1521598680.4561772346	1.4436070621	-3.1285386085	0.0000000000	0.0000000000	0.8297600674	0.5581202653	0.0201142084	0.0000000000	0.0000000000	0.0000000000	0.0000000000	-0.0001179587
1521598680.4763247967	1.4434370980	-3.1281210566	0.0000000000	0.0000000000	0.8297652754	0.5581125224	0.0203333798	0.0000000000	0.0000000000	0.0000000000	0.0000000000	-0.0001186393
1521598680.4961488247	1.4433002997	-3.1277849774	0.0000000000	0.0000000000	0.8297565953	0.5581254272	0.0201677446	0.0000000000	0.0000000000	0.0000000000	0.0000000000	-0.0001510564
1521598680.5161364079	1.4431481112	-3.1274110683	0.0000000000	0.0000000000	0.8297548593	0.5581280082	0.0201549703	0.0000000000	0.0000000000	0.0000000000	0.0000000000	-0.0003375770
1521598680.5361669064	1.4429959157	-3.1270371620	0.0000000000	0.0000000000	0.8297670114	0.5581099414	0.0201432768	0.0000000000	0.0000000000	0.0000000000	0.0000000000	-0.0003691075
1521598680.5561554432	1.4428460868	-3.1266690762	0.0000000000	0.0000000000	0.8297583314	0.5581228463	0.0201453114	0.0000000000	0.0000000000	0.0000000000	0.0000000000	-0.0004314487
1521598680.5761315823	1.4426938983	-3.1262951671	0.0000000000	0.0000000000	0.8297531232	0.5581305891	0.0202015289	0.0000000000	0.0000000000	0.0000000000	0.0000000000	-0.0003381347
1521598680.5961451530	1.4425428987	-3.1259241659	0.0000000000	0.0000000000	0.8297513872	0.5581331700	0.0201910420	0.0000000000	0.0000000000	0.0000000000	0.0000000000	-0.0004937171
1521598680.6161293983	1.4423925017	-3.1255546153	0.0000000000	0.0000000000	0.8297374984	0.5581538173	0.0200226209	0.0000000000	0.0000000000	0.0000000000	0.0000000000	-0.0005563637
1521598680.6383235455	1.4422415322	-3.1251836019	0.0000000000	0.0000000000	0.8297218729	0.5581770451	0.0201853630	0.0000000000	0.0000000000	0.0000000000	0.0000000000	-0.0005552654
1521598680.6562480927	1.4420876130	-3.1248053094	0.0000000000	0.0000000000	0.8297218729	0.5581770451	0.0201933245	0.0000000000	0.0000000000	0.0000000000	0.0000000000	-0.0006594225
1521598680.6761465073	1.4419188953	-3.1243906421	0.0000000000	0.0000000000	0.8297201367	0.5581796259	0.0202055481	0.0000000000	0.0000000000	0.0000000000	0.0000000000	-0.0007833168
1521598680.7563107014	1.4413268822	-3.1229356777	0.0000000000	0.0000000000	0.8297236091	0.5581744642	0.0202216732	0.0000000000	0.0000000000	0.0000000000	0.0000000000	-0.0006290254
1521598680.7961528301	1.4410261497	-3.1221965516	0.0000000000	0.0000000000	0.8297166642	0.5581847876	0.0202067845	0.0000000000	0.0000000000	0.0000000000	0.0000000000	-0.0006291650
1521598680.8161451817	1.4408787594	-3.1218342569	0.0000000000	0.0000000000	0.8297010379	0.5582080148	0.0201666820	0.0000000000	0.0000000000	0.0000000000	0.0000000000	-0.0006601796
1521598680.8361508846	1.4407296082	-3.1214675911	0.0000000000	0.0000000000	0.8296940926	0.5582183378	0.0203405502	0.0000000000	0.0000000000	0.0000000000	0.0000000000	-0.0005322960
1521598680.8561496735	1.4405780918	-3.1210951044	0.0000000000	0.0000000000	0.8296975653	0.5582131763	0.0200727945	0.0000000000	0.0000000000	0.0000000000	0.0000000000	-0.0004700824
1521598680.8761441708	1.4404283545	-3.1207269813	0.0000000000	0.0000000000	0.8296888836	0.5582260801	0.0198106033	0.0000000000	0.0000000000	0.0000000000	0.0000000000	-0.0005943863
1521598680.8961572647	1.4402768497	-3.1203544898	0.0000000000	0.0000000000	0.8296854109	0.5582312415	0.0200059635	0.0000000000	0.0000000000	0.0000000000	0.0000000000	-0.0006254560
1521598680.9161560535	1.4401241542	-3.1199790911	0.0000000000	0.0000000000	0.8296993016	0.5582105955	0.0199904822	0.0000000000	0.0000000000	0.0000000000	0.0000000000	-0.0005010149
1521598680.9761497974	1.4396553715	-3.1188267220	0.0000000000	0.0000000000	0.8297062467	0.5582002724	0.0200390929	0.0000000000	0.0000000000	0.0000000000	0.0000000000	-0.0002862054
1521598680.9961483479	1.4395204190	-3.1184949793	0.0000000000	0.0000000000	0.8296993016	0.5582105955	0.0200318906	0.0000000000	0.0000000000	0.0000000000	0.0000000000	-0.0003173462
1521598681.0561411381	1.4390694670	-3.1173862305	0.0000000000	0.0000000000	0.8296784653	0.5582415644	0.0200715917	0.0000000000	0.0000000000	0.0000000000	0.0000000000	-0.0003482420
1521598681.1361596584	1.4384694164	-3.1159107946	0.0000000000	0.0000000000	0.8296854109	0.5582312415	0.0202018738	0.0000000000	0.0000000000	0.0000000000	0.0000000000	-0.0003111953
1521598681.2361414433	1.4377202535	-3.1140686771	0.0000000000	0.0000000000	0.8296541549	0.5582776937	0.0199037577	0.0000000000	0.0000000000	0.0000000000	0.0000000000	-0.0004356783
1521598681.3962042332	1.4365168986	-3.1111089541	0.0000000000	0.0000000000	0.8296472087	0.5582880162	0.0199350713	0.0000000000	0.0000000000	0.0000000000	0.0000000000	-0.0005286333
1521598681.5761418343	1.4351473423	-3.1077403233	0.0000000000	0.0000000000	0.8296663103	0.5582596292	0.0201622081	0.0000000000	0.0000000000	0.0000000000	0.0000000000	0.0002174962
1521598681.8161497116	1.4333710097	-3.1033704620	0.0000000000	0.0000000000	0.8295951087	0.5583654320	0.0196700803	0.0000000000	0.0000000000	0.0000000000	0.0000000000	-0.0007785864
1521598682.0361497402	1.4317146700	-3.0992943384	0.0000000000	0.0000000000	0.8295655821	0.5584092988	0.0200436606	0.0000000000	0.0000000000	0.0000000000	0.0000000000	-0.0005573928
1521598682.2761473656	1.4300056996	-3.0950819181	0.0000000000	0.0000000000	0.8293014768	0.5588014501	0.0188739159	0.0000000000	0.0000000000	0.0000000000	0.0000000000	-0.0039517723
1521598682.6362006664	1.4273726552	-3.0885762388	0.0000000000	0.0000000000	0.8291415335	0.5590387442	0.0195438858	0.0000000000	0.0000000000	0.0000000000	0.0000000000	-0.0010255428
1521598682.8761451244	1.4255334304	-3.0840301719	0.0000000000	0.0000000000	0.8292249906	0.5589149443	0.0205309180	0.0000000000	0.0000000000	0.0000000000	0.0000000000	0.0016798373
1521598683.1561377048	1.4233250936	-3.0785828619	0.0000000000	0.0000000000	0.8295482125	0.5584351021	0.0210348260	0.0000000000	0.0000000000	0.0000000000	0.0000000000	0.0046039198
1521598683.4361414909	1.4211585244	-3.0732542197	0.0000000000	0.0000000000	0.8297010379	0.5582080148	0.0204200462	0.0000000000	0.0000000000	0.0000000000	0.0000000000	0.0014314823
1521598683.6361360550	1.4196645835	-3.0695817673	0.0000000000	0.0000000000	0.8296802017	0.5582389837	0.0198242160	0.0000000000	0.0000000000	0.0000000000	0.0000000000	-0.0003729620
1521598683.7961533070	1.4186116123	-3.0669932960	0.0000000000	0.0000000000	0.8296819381	0.5582364030	0.0177730201	0.0000000000	0.0000000000	0.0000000000	0.0000000000	-0.0000100263
1521598683.8561513424	1.4183854834	-3.0664374914	0.0000000000	0.0000000000	0.8297444428	0.5581434937	0.0151257726	0.0000000000	0.0000000000	0.0000000000	0.0000000000	0.0006749307
1521598683.8961560726	1.4181208482	-3.0657871244	0.0000000000	0.0000000000	0.8296697832	0.5582544678	0.0148151480	0.0000000000	0.0000000000	0.0000000000	0.0000000000	-0.0009746721
1521598683.9161322117	1.4180315189	-3.0655673985	0.0000000000	0.0000000000	0.8296159496	0.5583344663	0.0139759837	0.0000000000	0.0000000000	0.0000000000	0.0000000000	-0.0016912115
1521598683.9361410141	1.4179989817	-3.0654873659	0.0000000000	0.0000000000	0.8296697832	0.5582544678	0.0124593772	0.0000000000	0.0000000000	0.0000000000	0.0000000000	-0.0005204283
1521598683.9561431408	1.4179770830	-3.0654335298	0.0000000000	0.0000000000	0.8297201367	0.5581796259	0.0105901740	0.0000000000	0.0000000000	0.0000000000	0.0000000000	0.0008075567
1521598683.9761376381	1.4179220177	-3.0652982215	0.0000000000	0.0000000000	0.8297635394	0.5581151034	0.0096302277	0.0000000000	0.0000000000	0.0000000000	0.0000000000	0.0018656572
1521598683.9961469173	1.4177994491	-3.0649970527	0.0000000000	0.0000000000	0.8297270815	0.5581693025	0.0107762727	0.0000000000	0.0000000000	0.0000000000	0.0000000000	0.0008084891
1521598684.0161452293	1.4176899757	-3.0647278643	0.0000000000	0.0000000000	0.8296211596	0.5583267247	0.0119465841	0.0000000000	0.0000000000	0.0000000000	0.0000000000	-0.0012757553
1521598684.0361528397	1.4176071621	-3.0645241416	0.0000000000	0.0000000000	0.8296419991	0.5582957580	0.0122606284	0.0000000000	0.0000000000	0.0000000000	0.0000000000	-0.0011513816
1521598684.0561757088	1.4175083493	-3.0642811408	0.0000000000	0.0000000000	0.8296854109	0.5582312415	0.0116381802	0.0000000000	0.0000000000	0.0000000000	0.0000000000	-0.0010591289
1521598684.0961382389	1.4172319597	-3.0636016396	0.0000000000	0.0000000000	0.8296871472	0.5582286608	0.0117987836	0.0000000000	0.0000000000	0.0000000000	0.0000000000	0.0003089687
1521598684.1361351013	1.4168911398	-3.0627635070	0.0000000000	0.0000000000	0.8296419991	0.5582957580	0.0147039963	0.0000000000	0.0000000000	0.0000000000	0.0000000000	-0.0004983223
1521598684.1761298180	1.4165486837	-3.0619209527	0.0000000000	0.0000000000	0.8296020558	0.5583551102	0.0182308522	0.0000000000	0.0000000000	0.0000000000	0.0000000000	-0.0028936010
1521598684.1961488724	1.4164203510	-3.0616051708	0.0000000000	0.0000000000	0.8296107395	0.5583422078	0.0183085260	0.0000000000	0.0000000000	0.0000000000	0.0000000000	-0.0020853232
1521598684.2161538601	1.4163706568	-3.0614829396	0.0000000000	0.0000000000	0.8296802017	0.5582389837	0.0175149738	0.0000000000	0.0000000000	0.0000000000	0.0000000000	0.0010561300
1521598684.2361297607	1.4163404716	-3.0614087334	0.0000000000	0.0000000000	0.8297131918	0.5581899492	0.0168168721	0.0000000000	0.0000000000	0.0000000000	0.0000000000	0.0012747218
1521598684.2561476231	1.4162747625	-3.0612472306	0.0000000000	0.0000000000	0.8297218729	0.5581770451	0.0163777721	0.0000000000	0.0000000000	0.0000000000	0.0000000000	0.0006533771
1521598684.3161518574	1.4159102905	-3.0603508878	0.0000000000	0.0000000000	0.8295308420	0.5584609048	0.0153312363	0.0000000000	0.0000000000	0.0000000000	0.0000000000	-0.0024299811
1521598684.3361561298	1.4157832594	-3.0600379682	0.0000000000	0.0000000000	0.8294700391	0.5585512101	0.0147074895	0.0000000000	0.0000000000	0.0000000000	0.0000000000	-0.0030823978
1521598684.3761444092	1.4155245496	-3.0594004532	0.0000000000	0.0000000000	0.8295152079	0.5584841268	0.0136005519	0.0000000000	0.0000000000	0.0000000000	0.0000000000	-0.0015582108
1521598684.4362614155	1.4151081632	-3.0583759993	0.0000000000	0.0000000000	0.8296576279	0.5582725325	0.0163552701	0.0000000000	0.0000000000	0.0000000000	0.0000000000	-0.0010017612
1521598684.4561982155	1.4149762277	-3.0580515083	0.0000000000	0.0000000000	0.8296489453	0.5582854356	0.0172412575	0.0000000000	0.0000000000	0.0000000000	0.0000000000	-0.0013131641
1521598684.4761512280	1.4149081767	-3.0578841750	0.0000000000	0.0000000000	0.8296993016	0.5582105955	0.0162970916	0.0000000000	0.0000000000	0.0000000000	0.0000000000	-0.0003469230
1521598684.5161666870	1.4146796716	-3.0573225538	0.0000000000	0.0000000000	0.8296958289	0.5582157571	0.0163396646	0.0000000000	0.0000000000	0.0000000000	0.0000000000	0.0029547143
1521598684.6161062717	1.4140023028	-3.0556547263	0.0000000000	0.0000000000	0.8295325791	0.5584583245	0.0167271494	0.0000000000	0.0000000000	0.0000000000	0.0000000000	-0.0021457086
1521598684.6561524868	1.4137391289	-3.0550071565	0.0000000000	0.0000000000	0.8296628373	0.5582647905	0.0164328216	0.0000000000	0.0000000000	0.0000000000	0.0000000000	0.0002465166
1521598684.6961708069	1.4134385163	-3.0542679817	0.0000000000	0.0000000000	0.8296767289	0.5582441451	0.0183525368	0.0000000000	0.0000000000	0.0000000000	0.0000000000	-0.0011544138
1521598684.7361524105	1.4131249455	-3.0534967707	0.0000000000	0.0000000000	0.8296350527	0.5583060803	0.0189672523	0.0000000000	0.0000000000	0.0000000000	0.0000000000	0.0004631063
1521598684.7561535835	1.4130007270	-3.0531911858	0.0000000000	0.0000000000	0.8296246329	0.5583215636	0.0188652347	0.0000000000	0.0000000000	0.0000000000	0.0000000000	0.0014272514
1521598684.7961659431	1.4129042786	-3.0529540064	0.0000000000	0.0000000000	0.8297097193	0.5581951108	0.0163390956	0.0000000000	0.0000000000	0.0000000000	0.0000000000	0.0041330645
1521598684.8361537457	1.4127136900	-3.0524854917	0.0000000000	0.0000000000	0.8296576279	0.5582725325	0.0154099219	0.0000000000	0.0000000000	0.0000000000	0.0000000000	0.0007464886
1521598684.8761498928	1.4124825385	-3.0519164682	0.0000000000	0.0000000000	0.8294856751	0.5585279893	0.0147216874	0.0000000000	0.0000000000	0.0000000000	0.0000000000	-0.0035162185
1521598684.8961522579	1.4124122251	-3.0517432721	0.0000000000	0.0000000000	0.8295256307	0.5584686455	0.0136288055	0.0000000000	0.0000000000	0.0000000000	0.0000000000	-0.0027078870
1521598684.9361484051	1.4123347620	-3.0515526349	0.0000000000	0.0000000000	0.8296524183	0.5582802744	0.0104933384	0.0000000000	0.0000000000	0.0000000000	0.0000000000	0.0003100720
1521598684.9562590122	1.4122720401	-3.0513983959	0.0000000000	0.0000000000	0.8296836745	0.5582338223	0.0096720381	0.0000000000	0.0000000000	0.0000000000	0.0000000000	0.0010534987
1521598684.9961619377	1.4121151878	-3.0510128176	0.0000000000	0.0000000000	0.8297027742	0.5582054340	0.0104785292	0.0000000000	0.0000000000	0.0000000000	0.0000000000	-0.0001255543
1521598685.0361473560	1.4118767120	-3.0504264240	0.0000000000	0.0000000000	0.8296489453	0.5582854356	0.0111155300	0.0000000000	0.0000000000	0.0000000000	0.0000000000	-0.0001568700
1521598685.0561549664	1.4117501177	-3.0501150224	0.0000000000	0.0000000000	0.8296281062	0.5583164026	0.0112875455	0.0000000000	0.0000000000	0.0000000000	0.0000000000	0.0012120505
1521598685.0761289597	1.4116667068	-3.0499098468	0.0000000000	0.0000000000	0.8296506818	0.5582828550	0.0108333051	0.0000000000	0.0000000000	0.0000000000	0.0000000000	0.0029545698
1521598685.1161546707	1.4115264369	-3.0495650051	0.0000000000	0.0000000000	0.8297253453	0.5581718834	0.0112329480	0.0000000000	0.0000000000	0.0000000000	0.0000000000	0.0023008806
1521598685.1561305523	1.4112786017	-3.0489552862	0.0000000000	0.0000000000	0.8295117336	0.5584892872	0.0131949487	0.0000000000	0.0000000000	0.0000000000	0.0000000000	-0.0030798126
1521598685.1961479187	1.4110995877	-3.0485142832	0.0000000000	0.0000000000	0.8295238936	0.5584712257	0.0134878734	0.0000000000	0.0000000000	0.0000000000	0.0000000000	-0.0032081940
1521598685.2161302567	1.4110505260	-3.0483934905	0.0000000000	0.0000000000	0.8295777404	0.5583912362	0.0127355019	0.0000000000	0.0000000000	0.0000000000	0.0000000000	-0.0017768620
1521598685.2361848354	1.4110043976	-3.0482799836	0.0000000000	0.0000000000	0.8296333161	0.5583086609	0.0115845724	0.0000000000	0.0000000000	0.0000000000	0.0000000000	-0.0002857982
1521598685.2561759949	1.4109387327	-3.0481184628	0.0000000000	0.0000000000	0.8296489453	0.5582854356	0.0107766260	0.0000000000	0.0000000000	0.0000000000	0.0000000000	0.0003673885
1521598685.2761452198	1.4108606489	-3.0479263823	0.0000000000	0.0000000000	0.8296211596	0.5583267247	0.0107060993	0.0000000000	0.0000000000	0.0000000000	0.0000000000	-0.0005359411
1521598685.3161761761	1.4106861812	-3.0474970961	0.0000000000	0.0000000000	0.8295985822	0.5583602711	0.0111608031	0.0000000000	0.0000000000	0.0000000000	0.0000000000	-0.0022765290
1521598685.3561451435	1.4103952721	-3.0467811067	0.0000000000	0.0000000000	0.8295707929	0.5584015577	0.0117356773	0.0000000000	0.0000000000	0.0000000000	0.0000000000	0.0010534790
1521598685.3962094784	1.4100506279	-3.0459326593	0.0000000000	0.0000000000	0.8295551604	0.5584247808	0.0139278458	0.0000000000	0.0000000000	0.0000000000	0.0000000000	0.0005575741
1521598685.4161479473	1.4099087616	-3.0455833797	0.0000000000	0.0000000000	0.8295482125	0.5584351021	0.0151661615	0.0000000000	0.0000000000	0.0000000000	0.0000000000	-0.0005323318
1521598685.4361531734	1.4098324939	-3.0453956478	0.0000000000	0.0000000000	0.8295985822	0.5583602711	0.0155681121	0.0000000000	0.0000000000	0.0000000000	0.0000000000	-0.0006231809
1521598685.4761528969	1.4095988616	-3.0448208503	0.0000000000	0.0000000000	0.8296003190	0.5583576906	0.0167599314	0.0000000000	0.0000000000	0.0000000000	0.0000000000	-0.0003736010
1521598685.5161266327	1.4093411954	-3.0441863023	0.0000000000	0.0000000000	0.8294544025	0.5585744304	0.0178715883	0.0000000000	0.0000000000	0.0000000000	0.0000000000	-0.0025841154
1521598685.6761450768	1.4081930652	-3.0413601274	0.0000000000	0.0000000000	0.8295864246	0.5583783342	0.0186776495	0.0000000000	0.0000000000	0.0000000000	0.0000000000	-0.0002489389
1521598685.6961169243	1.4081315550	-3.0412087871	0.0000000000	0.0000000000	0.8296454722	0.5582905968	0.0177908889	0.0000000000	0.0000000000	0.0000000000	0.0000000000	0.0021479501
1521598685.7161507607	1.4080475262	-3.0410021670	0.0000000000	0.0000000000	0.8297045105	0.5582028532	0.0171823980	0.0000000000	0.0000000000	0.0000000000	0.0000000000	0.0044803954
1521598685.7961313725	1.4075129797	-3.0396866217	0.0000000000	0.0000000000	0.8294856751	0.5585279893	0.0173731278	0.0000000000	0.0000000000	0.0000000000	0.0000000000	-0.0023127407
1521598685.9961621761	1.4061573172	-3.0363496469	0.0000000000	0.0000000000	0.8296333161	0.5583086609	0.0180837799	0.0000000000	0.0000000000	0.0000000000	0.0000000000	0.0028229132
1521598686.0961382389	1.4057030518	-3.0352320713	0.0000000000	0.0000000000	0.8294596147	0.5585666903	0.0147309242	0.0000000000	0.0000000000	0.0000000000	0.0000000000	-0.0031994625
1521598686.4361360073	1.4031874469	-3.0290415064	0.0000000000	0.0000000000	0.8296194229	0.5583293052	0.0204295294	0.0000000000	0.0000000000	0.0000000000	0.0000000000	-0.0002173957
1521598686.8161382675	1.4003258735	-3.0220047279	0.0000000000	0.0000000000	0.8296854109	0.5582312415	0.0202017686	0.0000000000	0.0000000000	0.0000000000	0.0000000000	0.0004974754
1521598687.0761606693	1.3983908963	-3.0172466258	0.0000000000	0.0000000000	0.8296472087	0.5582880162	0.0196887196	0.0000000000	0.0000000000	0.0000000000	0.0000000000	-0.0009642389
1521598687.4361360073	1.3956722892	-3.0105620712	0.0000000000	0.0000000000	0.8297270815	0.5581693025	0.0202078095	0.0000000000	0.0000000000	0.0000000000	0.0000000000	0.0009019130
1521598687.7161641121	1.3935358761	-3.0053127343	0.0000000000	0.0000000000	0.8297861069	0.5580815503	0.0201435684	0.0000000000	0.0000000000	0.0000000000	0.0000000000	0.0009013968
1521598687.9561491013	1.3917368181	-3.0008944608	0.0000000000	0.0000000000	0.8297878428	0.5580789693	0.0198779778	0.0000000000	0.0000000000	0.0000000000	0.0000000000	0.0000312550
1521598688.1961355209	1.3899395876	-2.9964822272	0.0000000000	0.0000000000	0.8298555367	0.5579783044	0.0198172692	0.0000000000	0.0000000000	0.0000000000	0.0000000000	0.0010886964
1521598688.4361069202	1.3881235839	-2.9920267574	0.0000000000	0.0000000000	0.8299197478	0.5578827943	0.0201877916	0.0000000000	0.0000000000	0.0000000000	0.0000000000	0.0006845818
