showImg_rvec :
[-0.9868043446967596, -0.1618746486216392, 0.003712603024800706;
 0.1619120157245134, -0.9866970060861763, 0.01461223270417904;
 0.001297864254790731, 0.01502052975753436, 0.9998863431581509]
showImg_tvec :
[68.11359157951404;
 32.87132306694196;
 82.60868727356807]
base2camera_rot :
[-0.01645857887208814, -0.9998439991364573, 0.006410346288239583;
 0.9997410893137656, -0.0163554612021238, 0.01581954936750079;
 -0.01571208195106371, 0.006669053882069079, 0.9998543140469386]
base2camera_t :
[0.6578331639544301;
 -3.251357632812111;
 83.49646618241782]
